17.318 -2.08
19.792 -3.733
21.445 -6.207
22.025 -9.125
21.445 -12.043
19.792 -14.517
17.318 -16.17
14.4 -16.75
11.482 -16.17
9.008 -14.517
7.355 -12.043
6.775 -9.125
7.355 -6.207
9.008 -3.733
11.482 -2.08
14.4 1.5
17.318 2.08
19.792 3.733
21.445 6.207
22.025 9.125
21.445 12.043
19.792 14.517
17.318 16.17
14.4 16.75
11.482 16.17
9.008 14.517
7.355 12.043
6.775 9.125
7.355 6.207
9.008 3.733
11.482 2.08
21.913 -1.612
24.216 -5.059
25.025 -9.125
24.216 -13.191
21.913 -16.638
18.466 -18.941
14.4 -19.75
10.334 -18.941
6.8870000000000005 -16.638
4.584 -13.191
3.7750000000000004 -9.125
4.584 -5.059
6.8870000000000005 -1.612
21.913 1.612
24.216 5.059
25.025 9.125
24.216 13.191
21.913 16.638
18.466 18.941
14.4 19.75
10.334 18.941
6.8870000000000005 16.638
4.584 13.191
3.7750000000000004 9.125
4.584 5.059
6.8870000000000005 1.612
