12.5107 -16.9888
12.872 -17.2968
13.2337 -17.5966
13.596 -17.8882
13.9588 -18.1717
14.3221 -18.447
14.6859 -18.7142
15.0502 -18.9733
15.415 -19.2241
15.7803 -19.4669
16.1462 -19.7015
16.5125 -19.9279
16.8794 -20.1462
17.2467 -20.3563
17.6146 -20.5583
17.983 -20.7521
18.3519 -20.9378
18.7213 -21.1153
19.0912 -21.2846
19.4616 -21.4459
19.8326 -21.5989
20.204 -21.7438
20.576 -21.8806
20.9484 -22.0092
21.3214 -22.1296
21.6949 -22.2419
22.0689 -22.3461
22.4434 -22.4421
22.8184 -22.5299
23.1939 -22.6096
23.57 -22.6812
23.9465 -22.7446
24.3236 -22.7998
24.7011 -22.8469
25.0792 -22.8858
25.4578 -22.9166
25.8369 -22.9392
26.2165 -22.9537
26.5966 -22.96
26.9772 -22.9582
27.3583 -22.9482
27.74 -22.9301
28.1221 -22.9038
28.5048 -22.8694
28.888 -22.8268
29.2716 -22.776
29.6558 -22.7172
30.0405 -22.6501
30.4255 -22.5755
30.809 -22.4966
31.1907 -22.414
31.5708 -22.3277
31.9492 -22.2377
32.3258 -22.144
32.7008 -22.0466
33.074 -21.9456
33.4456 -21.8408
33.8154 -21.7323
34.1835 -21.6201
34.5499 -21.5043
34.9146 -21.3847
35.2776 -21.2614
35.6388 -21.1345
35.9984 -21.0038
36.3562 -20.8694
36.7124 -20.7314
37.0668 -20.5896
37.4195 -20.4442
37.7705 -20.295
38.1198 -20.1421
38.4674 -19.9856
38.8133 -19.8253
39.1574 -19.6614
39.4999 -19.4938
39.8406 -19.3224
40.1797 -19.1474
40.517 -18.9686
40.8526 -18.7862
41.1865 -18.6001
41.5187 -18.4102
41.8492 -18.2167
42.178 -18.0195
42.505 -17.8185
42.8304 -17.6139
43.154 -17.4056
43.476 -17.1936
43.7962 -16.9779
44.1147 -16.7584
44.4315 -16.5353
44.7466 -16.3085
45.06 -16.078
45.3717 -15.8438
45.6816 -15.6059
45.9899 -15.3643
46.2964 -15.119
46.6013 -14.87
46.9049 -14.6192
47.2079 -14.3685
47.5103 -14.118
47.812 -13.8675
48.113 -13.6172
48.4134 -13.3671
48.7131 -13.117
49.0121 -12.8671
49.3106 -12.6172
49.6083 -12.3675
49.9054 -12.118
50.2019 -11.8685
50.4977 -11.6192
50.7928 -11.37
51.0873 -11.1209
51.3811 -10.8719
51.6743 -10.623
51.9668 -10.3743
52.2586 -10.1257
52.5498 -9.87723
52.8404 -9.62886
53.1303 -9.38062
53.4195 -9.1325
53.7081 -8.8845
53.996 -8.63662
54.2833 -8.38886
54.5699 -8.14123
54.8559 -7.89371
55.1412 -7.64632
55.4259 -7.39905
55.7099 -7.15189
55.9932 -6.90486
56.2759 -6.65796
56.5579 -6.41117
56.8393 -6.1645
57.12 -5.91796
57.4001 -5.67153
57.6795 -5.42523
57.9583 -5.17905
58.2364 -4.93299
58.5138 -4.68705
58.7906 -4.44123
59.0668 -4.19554
59.3423 -3.94996
59.6171 -3.70451
59.8913 -3.45918
60.1648 -3.21397
60.4377 -2.96858
60.71 -2.72123
60.9819 -2.47161
61.2532 -2.21974
61.524 -1.96561
61.7943 -1.70921
62.0641 -1.45056
62.3334 -1.18964
62.6022 -0.926459
62.8704 -0.661021
63.1382 -0.393319
63.4054 -0.123359
63.6722 0.148864
63.9384 0.423349
64.2041 0.700093
64.4693 0.9791
64.734 1.26036
64.9982 1.54389
65.2619 1.82968
65.525 2.11774
65.7877 2.40804
66.0498 2.70062
66.3114 2.99545
66.5726 3.29255
66.8332 3.5919
67.0933 3.89351
67.3528 4.19739
67.6119 4.50353
67.8705 4.81193
68.1285 5.1226
68.3861 5.43551
68.6431 5.7507
68.8996 6.06814
69.1556 6.38785
69.4111 6.70982
69.6661 7.03404
69.9206 7.36053
70.1746 7.68928
