13.435 -15.3676
17.125 -16.5409
20.827 -17.7145
24.5442 -18.7723
28.2738 -19.464
30.2898 -19.6007
34.1567 -18.8807
37.7316 -17.2367
39.3513 -16.2071
42.3597 -13.9756
45.4381 -11.6509
48.5647 -9.13611
51.416 -6.66653
54.2928 -4.10952
57.2322 -1.72676
60.1323 0.670159
63.0379 3.29534
65.6955 6.11621
67.9441 9.19588
69.6614 12.6239
71.0256 16.2303
72.2698 17.5905
77.6002 21.9686
81.3023 23.1464
82.6673 24.5399
83.9759 27.9285
83.9914 29.6951
83.0453 33.4589
81.4746 36.9467
79.7438 40.5158
78.1107 43.8791
76.3159 47.3135
75.4597 48.8998
73.0807 52.0415
70.08 54.7914
66.7926 56.8092
63.2297 58.0518
61.3162 58.4062
57.7142 58.4682
53.9708 57.7292
50.3472 56.3441
47.0896 54.5531
43.9974 52.4069
40.5457 50.738
36.8791 50.0305
33.0844 49.905
29.2688 50.2524
25.4535 50.9304
21.7515 51.5486
17.9035 51.7952
14.1224 51.0078
12.4499 50.1609
9.84388 47.4024
8.16619 44.0206
6.49701 40.4226
2.20321 36.9849
-1.58212 36.9209
-3.3682 36.1311
-6.13732 33.4725
-8.26454 30.3122
-10.0545 27.0587
-11.8174 23.6148
-13.6357 20.266
-15.7023 16.9373
-17.9396 13.8446
-20.4089 10.9768
-23.2434 8.39669
-28.5381 6.26291
-32.2749 7.3236
-36.5854 10.8802
-39.3436 13.5353
-40.9496 14.7755
-44.5593 15.696
-46.3487 15.4882
-49.8468 13.7808
-50.8967 12.2396
-51.7375 8.54444
-51.9249 4.65146
-52.0576 0.861891
-52.5289 -3.01838
-53.7909 -6.51571
-58.0118 -10.1887
-61.8985 -11.0686
-65.6394 -11.4507
-69.184 -12.4096
-70.8819 -13.4504
-71.3992 -15.3395
-71.4017 -18.8947
-70.6762 -20.6235
-68.4451 -23.9462
-65.6094 -26.5602
-62.5844 -28.8356
-59.3658 -30.9345
-55.9902 -32.7314
-52.4779 -34.2311
-50.6482 -34.8025
-47.0888 -35.8149
-43.2656 -36.4663
-39.3716 -36.8057
-35.5594 -37.272
-31.7318 -38.1232
-26.393 -40.0394
-22.8496 -41.445
-19.5321 -43.2376
-16.4226 -45.5542
-13.5433 -48.3041
-10.8874 -51.1413
-8.21902 -53.6685
-6.87961 -54.8661
-3.24965 -55.8998
-1.31502 -56.0375
0.25214 -54.9926
1.29298 -53.301
3.00328 -49.8581
2.94056 -47.8434
2.51296 -44.1283
0.566317 -40.8702
-0.664135 -39.5124
-3.68188 -37.0788
-7.0238 -35.1884
-10.5524 -33.7196
-14.2711 -32.5354
-17.9185 -31.5219
-21.4965 -30.4623
-25.2456 -29.131
-28.6662 -27.3
-31.7807 -22.7159
-30.6627 -17.2992
-27.9313 -14.3671
-23.0901 -11.6376
-19.5234 -10.5812
-15.7131 -10.0626
-11.7295 -10.0179
-7.90499 -10.3209
-4.11868 -10.8563
-0.370374 -11.5778
3.34882 -12.454
7.04781 -13.4534
10.7355 -14.5446
