0.0 0.0
0.32184655324589073 3.267762893770154
1.2750178304359512 6.409947492115262
2.8228839939323755 9.305801403078348
4.905961415125342 11.844038584874683
7.44419859692168 13.927116006067644
10.340052507884767 15.474982169564063
13.482237106229878 16.428153446754116
16.750000000000032 16.75
20.017762893770183 16.428153446754106
23.15994749211529 15.474982169564038
26.05580140307837 13.92711600606761
28.594038584874703 11.844038584874639
30.67711600606766 9.305801403078297
32.22498216956407 6.409947492115205
33.17815344675412 3.2677628937700938
33.5 0.0
33.178153446754095 -3.2677628937702106
32.22498216956403 -6.4099474921153154
30.677116006067592 -9.305801403078396
28.594038584874617 -11.844038584874724
26.055801403078274 -13.927116006067676
23.15994749211518 -15.474982169564084
20.017762893770065 -16.428153446754127
16.74999999999991 -16.75
13.48223710622976 -16.42815344675409
10.340052507884657 -15.474982169564017
7.444198596921581 -13.927116006067576
4.905961415125256 -11.8440385848746
2.822883993932308 -9.305801403078249
1.275017830435905 -6.409947492115153
0.3218465532458694 -3.2677628937700374
0.0 0.0
0.32184655324589073 3.267762893770154
1.2750178304359512 6.409947492115262
2.8228839939323755 9.305801403078348
4.905961415125342 11.844038584874683
7.44419859692168 13.927116006067644
10.340052507884767 15.474982169564063
13.482237106229878 16.428153446754116
16.750000000000032 16.75
20.017762893770183 16.428153446754106
23.15994749211529 15.474982169564038
26.05580140307837 13.92711600606761
28.594038584874703 11.844038584874639
30.67711600606766 9.305801403078297
32.22498216956407 6.409947492115205
33.17815344675412 3.2677628937700938
33.5 0.0
33.178153446754095 -3.2677628937702106
32.22498216956403 -6.4099474921153154
30.677116006067592 -9.305801403078396
28.594038584874617 -11.844038584874724
26.055801403078274 -13.927116006067676
23.15994749211518 -15.474982169564084
20.017762893770065 -16.428153446754127
16.74999999999991 -16.75
13.48223710622976 -16.42815344675409
10.340052507884657 -15.474982169564017
7.444198596921581 -13.927116006067576
4.905961415125256 -11.8440385848746
2.822883993932308 -9.305801403078249
1.275017830435905 -6.409947492115153
0.3218465532458694 -3.2677628937700374
0.0 0.0
-0.32184655324589073 3.267762893770148
-1.2750178304359476 6.409947492115254
-2.8228839939323667 9.305801403078336
-4.9059614151253275 11.84403858487467
-7.444198596921662 13.927116006067633
-10.340052507884746 15.474982169564052
-13.48223710622985 16.42815344675411
-16.75 16.75
-20.017762893770147 16.42815344675411
-23.159947492115254 15.474982169564052
-26.055801403078334 13.927116006067637
-28.59403858487467 11.844038584874673
-30.677116006067635 9.305801403078336
-32.22498216956405 6.409947492115256
-33.17815344675411 3.267762893770154
-33.5 0.0
-33.17815344675411 -3.26776289377015
-32.22498216956406 -6.409947492115252
-30.677116006067635 -9.305801403078332
-28.594038584874674 -11.84403858487467
-26.055801403078334 -13.927116006067633
-23.159947492115265 -15.474982169564049
-20.017762893770154 -16.42815344675411
-16.750000000000004 -16.75
-13.482237106229851 -16.42815344675411
-10.340052507884742 -15.47498216956405
-7.4441985969216695 -13.927116006067637
-4.905961415125331 -11.844038584874674
-2.8228839939323667 -9.305801403078336
-1.2750178304359512 -6.409947492115264
-0.32184655324589073 -3.267762893770156
0.0 0.0
-0.32184655324589073 3.267762893770148
-1.2750178304359476 6.409947492115254
-2.8228839939323667 9.305801403078336
-4.9059614151253275 11.84403858487467
-7.444198596921662 13.927116006067633
-10.340052507884746 15.474982169564052
-13.48223710622985 16.42815344675411
-16.75 16.75
-20.017762893770147 16.42815344675411
-23.159947492115254 15.474982169564052
-26.055801403078334 13.927116006067637
-28.59403858487467 11.844038584874673
-30.677116006067635 9.305801403078336
-32.22498216956405 6.409947492115256
-33.17815344675411 3.267762893770154
-33.5 0.0
-33.17815344675411 -3.26776289377015
-32.22498216956406 -6.409947492115252
-30.677116006067635 -9.305801403078332
-28.594038584874674 -11.84403858487467
-26.055801403078334 -13.927116006067633
-23.159947492115265 -15.474982169564049
-20.017762893770154 -16.42815344675411
-16.750000000000004 -16.75
-13.482237106229851 -16.42815344675411
-10.340052507884742 -15.47498216956405
-7.4441985969216695 -13.927116006067637
-4.905961415125331 -11.844038584874674
-2.8228839939323667 -9.305801403078336
-1.2750178304359512 -6.409947492115264
-0.32184655324589073 -3.267762893770156
