2 2.82883
2.2 2.85192
2.4 2.87446
2.6 2.89647
2.8 2.91793
3 2.93885
3.2 2.95922
3.4 2.97906
3.6 2.99835
3.8 3.0171
4 3.0353
4.2 3.05296
4.4 3.07008
4.6 3.08666
4.8 3.10269
5 3.11818
5.2 3.13313
5.4 3.14753
5.6 3.16139
5.8 3.17471
6 3.18749
6.2 3.19972
6.4 3.21141
6.6 3.22256
6.8 3.23316
7 3.24322
7.2 3.25274
7.4 3.26172
7.6 3.27015
7.8 3.27804
8 3.28539
8.2 3.29219
8.4 3.29845
8.6 3.30417
8.8 3.30935
9 3.31398
9.2 3.31807
9.4 3.32162
9.6 3.32462
9.8 3.32708
10 3.329
10.2 3.33038
10.4 3.33121
10.6 3.3315
10.8 3.33125
11 3.33045
11.2 3.32912
11.4 3.32723
11.6 3.32481
11.8 3.32184
12 3.31833
12.2 3.31428
12.4 3.30968
12.6 3.30455
12.8 3.29886
13 3.29264
13.2 3.28587
13.4 3.27856
13.6 3.27071
13.8 3.26232
14 3.25338
14.2 3.2439
14.4 3.23387
14.6 3.2233
14.8 3.21219
15 3.20054
15.2 3.18835
15.4 3.17561
15.6 3.16233
15.8 3.1485
16 3.13413
16.2 3.11922
16.4 3.10377
16.6 3.08778
16.8 3.07124
17 3.05416
17.2 3.03653
17.4 3.01837
17.6 2.99966
17.8 2.9804
18 2.96061
