-4.01589 -13.1926
-0.258837 -13.9453
3.45765 -14.8605
7.14476 -15.9058
10.8137 -17.0488
12.504 -17.6003
16.1666 -18.8278
19.8385 -20.0732
23.5311 -21.3031
27.2506 -22.3265
31.2825 -22.5999
38.5521 -20.0514
41.7915 -17.9923
44.8778 -15.7428
48.0763 -13.4286
51.1321 -11.3186
54.1252 -8.8437
56.8422 -6.17659
59.5609 -3.68704
62.2723 -1.1774
65.0852 1.60291
67.5856 4.48049
69.6635 7.58337
71.2601 11.1059
72.5457 14.7578
75.0341 17.4783
78.7353 18.7244
82.3633 20.0969
85.0934 22.8838
86.3493 26.3516
86.3802 29.8847
85.4635 33.7474
84.0001 37.3847
82.3083 40.7846
80.5757 44.1806
78.8946 47.7124
77.1821 50.8852
74.8656 53.9255
71.7475 56.5669
68.4009 58.4247
64.7503 59.7085
60.9232 60.4171
57.3445 60.5575
53.5434 60.112
49.9564 58.9734
46.7226 57.0675
43.927 54.4007
40.7084 52.4134
36.8803 51.8114
33.0156 51.9679
29.2114 52.4888
25.4631 53.0712
21.643 53.5403
17.6948 53.6829
13.8783 53.096
10.5332 51.4023
8.0288 48.6078
6.48569 44.9896
4.95103 41.4105
1.95375 39.2591
-1.78928 39.4572
-5.36143 37.8775
-7.83012 34.9273
-9.87439 31.6698
-11.6667 28.3015
-13.3485 24.8858
-15.061 21.4864
-16.9457 18.1668
-19.1437 14.9905
-21.7966 12.0211
-24.7275 9.59431
-28.3734 8.09587
-31.9425 9.3787
-34.5573 11.9379
-37.1464 14.7276
-40.3586 17.2079
-44.0131 18.34
-47.5919 17.9243
-51.1573 16.0653
-53.2571 12.9829
-53.8985 9.17332
-53.8444 5.27342
-53.7881 1.49288
-54.3346 -2.3857
-55.7265 -5.77147
-58.5477 -8.27108
-62.4792 -9.01102
-66.0029 -9.15671
-69.7703 -9.64108
-73.1661 -11.7227
-74.2008 -15.5009
-73.7608 -19.1124
-72.3097 -22.57
-69.918 -25.7845
-67.2005 -28.4159
-64.2497 -30.8109
-61.1394 -32.9677
-57.8543 -34.8286
-54.378 -36.3356
-50.7187 -37.4784
-47.2341 -38.2969
-43.4117 -39.0366
-39.6109 -39.7369
-35.8851 -40.4929
-32.1724 -41.2712
-28.3874 -42.0166
-24.6844 -42.9907
-21.3583 -44.6338
-18.2549 -47.1758
-15.5098 -50.206
-13.1529 -53.1711
-10.7815 -55.9986
-8.10267 -58.3939
-4.5308 -60.151
-0.661542 -60.4264
2.47277 -58.3366
4.55445 -54.9534
5.57978 -51.2291
5.45433 -47.1996
4.25862 -43.6571
2.2183 -40.3873
-0.242605 -37.6717
-3.34777 -35.1233
-6.45188 -33.1931
-9.92209 -31.5824
-13.7552 -30.2574
-17.4047 -29.2316
-20.8514 -28.313
-24.6594 -27.1816
-28.1262 -25.2905
-30.0479 -22.1317
-29.014 -18.6879
-26.1449 -15.8935
-22.9611 -14.1285
-19.3092 -12.944
-15.5284 -12.3866
-11.6798 -12.3267
-7.82469 -12.6348
