-0.481912 -9.21038
-4.22147 -8.51999
-7.98528 -8.00694
-11.7791 -7.70915
-15.8977 -7.73855
-19.7376 -8.21848
-23.2191 -9.1467
-26.5362 -10.6204
-29.7176 -12.8407
-32.3113 -15.9106
-33.6092 -19.3464
-33.5135 -23.3
-32.0836 -26.824
-29.2062 -29.3096
-25.8317 -31.0804
-22.1415 -32.6115
-18.4324 -33.8121
-14.787 -34.8135
-11.1827 -35.8567
-7.59572 -37.1838
-4.01599 -39.0344
-1.08567 -41.3531
0.7673 -44.5994
0.426789 -48.4872
-1.96849 -51.6487
-5.65655 -51.3383
-8.62193 -49.1115
-11.5767 -46.4021
-14.5904 -43.9326
-17.706 -41.8413
-21.0149 -39.8993
-24.3985 -38.0622
-27.8023 -36.3623
-31.2912 -34.9752
-35.2336 -34.0511
-39.1323 -33.8744
-43.1195 -33.896
-46.9434 -33.3329
-50.5778 -32.1266
-54.1262 -30.6342
-57.5921 -28.9014
-60.919 -26.8604
-64.0182 -24.7046
-66.9723 -22.1079
-69.0427 -18.677
-68.5976 -15.1781
-65.2759 -13.7448
-61.3178 -13.1262
-57.476 -12.1064
-54.0997 -10.1911
-51.8553 -7.25996
-50.7231 -3.65106
-50.3272 0.230897
-50.0055 4.02951
-49.5764 7.91556
-48.5363 11.4963
-45.1055 13.0521
-41.5407 12.3431
-38.6135 9.82254
-35.8855 7.11975
-32.6073 5.2685
-28.7028 4.42996
-24.8582 5.20407
-21.7593 7.19907
-19.0213 9.9324
-16.7356 12.6988
-14.459 15.7079
-12.2104 19.0456
-10.2863 22.3437
-8.44228 25.8159
-6.65469 28.9545
-4.44453 32.0177
-1.37497 34.3846
2.45267 34.7107
5.96659 36.3025
8.04299 39.4347
9.84669 43.0516
11.659 46.197
14.3665 48.9195
18.1123 49.9074
21.86 49.557
25.4439 48.7896
29.3261 48.016
33.1532 47.8422
36.8779 48.2497
40.383 49.0626
44.0677 50.4131
47.4566 52.0387
50.738 53.7147
54.3982 55.3464
58.084 56.3789
61.7092 56.3952
65.1843 55.1937
68.4124 53.0158
71.2959 50.1575
73.7372 46.9145
75.6456 43.5776
77.1793 40.247
78.949 36.5086
80.6271 33.1705
81.6026 29.5055
80.2412 26.196
76.4651 25.2127
73.1085 24.0302
70.9729 21.3775
69.5054 17.7028
68.0628 14.142
66.2247 10.8084
63.8055 7.75194
60.9906 4.98777
57.9922 2.51772
54.9035 0.23352
51.7434 -2.04246
48.7069 -4.48936
45.9973 -6.9536
42.7999 -9.87311
39.8416 -12.2085
33.3076 -16.043
29.297 -16.6014
25.5574 -16.2415
21.8154 -15.3558
18.0834 -14.2541
14.3659 -13.1348
10.6573 -12.0403
6.95087 -11.0011
3.24 -10.0476
