-4.16185 -13.1278
-3.73425 -13.2192
-3.30997 -13.3108
-2.88899 -13.4026
-2.47132 -13.4945
-2.05696 -13.5865
-1.64591 -13.6786
-1.23816 -13.7709
-0.833731 -13.8633
-0.432606 -13.9558
-0.034791 -14.0485
0.359716 -14.1413
0.750913 -14.2342
1.1388 -14.3273
1.52338 -14.4205
1.90465 -14.5139
2.28261 -14.6073
2.65726 -14.7009
3.02861 -14.7947
3.39664 -14.8886
3.76137 -14.9826
4.12278 -15.0767
4.48089 -15.171
4.83569 -15.2654
5.18718 -15.3599
5.53536 -15.4546
5.88023 -15.5494
6.22179 -15.6443
6.56005 -15.7394
6.89499 -15.8346
7.22663 -15.93
7.55495 -16.0254
7.88019 -16.1211
8.20425 -16.2173
8.5276 -16.3141
8.85023 -16.4116
9.17214 -16.5097
9.49333 -16.6085
9.81381 -16.7079
10.1336 -16.8079
10.4526 -16.9086
10.7709 -17.0099
11.0885 -17.1118
11.4054 -17.2144
11.7216 -17.3176
12.037 -17.4215
12.3518 -17.5259
12.6658 -17.6311
12.9791 -17.7369
13.2917 -17.8433
13.6035 -17.9503
13.9147 -18.058
14.2251 -18.1663
14.5348 -18.2753
14.8438 -18.3849
15.1521 -18.4951
15.4596 -18.606
15.7665 -18.7175
16.0726 -18.8297
16.378 -18.9424
16.6827 -19.0559
16.9867 -19.1699
17.2899 -19.2846
17.5925 -19.4
17.8958 -19.5154
18.2028 -19.6299
18.5135 -19.7435
18.828 -19.856
19.1462 -19.9676
19.4682 -20.0782
19.7939 -20.1879
20.1234 -20.2965
20.4566 -20.4042
20.7936 -20.511
21.1344 -20.6167
21.4789 -20.7215
21.8271 -20.8253
22.1791 -20.9282
22.5348 -21.0301
22.8943 -21.131
23.2575 -21.2309
23.6245 -21.3299
23.9952 -21.4279
24.3697 -21.5249
24.7479 -21.621
25.1299 -21.716
25.5156 -21.8102
25.9051 -21.9033
26.2983 -21.9955
26.6953 -22.0867
27.0961 -22.1769
27.5005 -22.2662
27.9088 -22.3544
28.3207 -22.4418
28.7365 -22.5281
29.1558 -22.6132
29.5739 -22.6897
29.9888 -22.7544
30.4004 -22.8073
30.8087 -22.8484
31.2138 -22.8776
31.6157 -22.895
32.0143 -22.9006
32.4096 -22.8944
32.8017 -22.8763
33.1905 -22.8465
33.5761 -22.8048
33.9584 -22.7513
34.3374 -22.686
34.7132 -22.6089
35.0858 -22.5199
35.4551 -22.4191
35.8211 -22.3065
36.1839 -22.1821
36.5434 -22.0459
36.8996 -21.8978
37.2526 -21.7379
37.6024 -21.5662
37.9489 -21.3827
38.2921 -21.1874
38.6321 -20.9802
38.9688 -20.7613
39.3023 -20.5305
39.6325 -20.2878
39.9594 -20.0334
40.2831 -19.7672
40.6036 -19.4891
40.9212 -19.202
41.238 -18.9163
41.554 -18.6328
41.8693 -18.3516
42.1838 -18.0726
42.4975 -17.7959
42.8105 -17.5214
43.1228 -17.2492
43.4343 -16.9792
43.745 -16.7114
44.055 -16.4459
44.3642 -16.1827
44.6727 -15.9217
44.9804 -15.6629
45.2874 -15.4064
45.5936 -15.1522
45.8991 -14.9002
46.2038 -14.6504
46.5077 -14.4029
46.8109 -14.1576
47.1134 -13.9146
47.4151 -13.6739
47.716 -13.4353
48.0162 -13.1991
48.3156 -12.965
48.6143 -12.7333
48.9122 -12.5037
49.2094 -12.2765
49.5058 -12.0514
49.8014 -11.8286
50.0963 -11.6081
50.3905 -11.3898
50.6844 -11.1721
50.9783 -10.9534
51.2723 -10.7339
51.5665 -10.5135
51.8607 -10.2923
52.155 -10.0701
52.4494 -9.84712
52.7439 -9.62322
53.0385 -9.39845
53.3331 -9.1728
53.6279 -8.94626
53.9228 -8.71885
54.2177 -8.49056
54.5127 -8.26139
54.8079 -8.03135
55.1031 -7.80043
55.3984 -7.56862
55.6938 -7.33594
55.9893 -7.10238
56.2849 -6.86795
56.5805 -6.63263
56.8763 -6.39643
57.1721 -6.15936
57.4681 -5.92141
57.7641 -5.68258
58.0602 -5.44287
58.3564 -5.20228
58.6527 -4.96081
58.9491 -4.71847
59.2456 -4.47525
59.5422 -4.23115
59.8385 -3.98593
60.132 -3.73788
60.422 -3.48667
60.7088 -3.23229
60.9921 -2.97474
61.2721 -2.71401
61.5487 -2.45012
61.822 -2.18306
62.0919 -1.91284
62.3584 -1.63944
62.6215 -1.36287
62.8813 -1.08313
63.1377 -0.800223
63.3908 -0.514152
63.6405 -0.224906
63.8868 0.0675083
64.1297 0.363092
64.3693 0.661846
64.6055 0.963762
64.8384 1.26885
65.0679 1.57711
65.294 1.88855
65.5167 2.20314
65.7361 2.52091
65.9521 2.84184
66.1648 3.16595
66.3741 3.49323
66.58 3.82367
66.7825 4.15728
66.9817 4.49407
67.1775 4.83402
67.3699 5.17714
67.5607 5.52123
67.7524 5.86262
67.9451 6.20128
68.1389 6.53719
68.3337 6.87036
68.5296 7.20079
68.7265 7.52847
68.9244 7.85341
69.1233 8.17561
69.3233 8.49506
69.5243 8.81178
69.7264 9.12574
69.9295 9.43697
70.1336 9.74546
70.3388 10.0512
70.545 10.3542
70.7522 10.6544
70.9605 10.952
71.1698 11.2467
71.3801 11.5388
71.5915 11.828
71.8039 12.1146
72.0173 12.3984
72.2318 12.6794
72.4473 12.9578
72.6638 13.2333
72.8814 13.5061
73.1 13.7762
73.3197 14.0436
73.5403 14.3082
73.7621 14.57
73.9849 14.8292
74.2112 15.0862
74.4418 15.3415
74.6766 15.5949
74.9158 15.8464
75.1592 16.0961
75.4068 16.344
75.6588 16.59
75.9151 16.8342
76.1756 17.0766
76.4404 17.3171
76.7094 17.5558
76.9828 17.7926
77.2604 18.0276
77.5424 18.2608
77.8285 18.4921
78.119 18.7215
78.4138 18.9492
78.7128 19.175
79.0161 19.3989
79.3237 19.6211
79.6356 19.8413
79.9517 20.0598
80.2721 20.2764
80.5968 20.4911
80.9258 20.7041
81.2591 20.9152
81.5966 21.1244
81.9384 21.3318
82.2845 21.5374
82.6349 21.7411
82.9895 21.943
83.3436 22.1451
83.682 22.3537
84.0037 22.5692
84.3087 22.7918
84.5969 23.0213
84.8685 23.2577
85.1234 23.5012
85.3615 23.7515
85.5829 24.0089
85.7877 24.2732
85.9757 24.5445
86.147 24.8227
86.3016 25.1079
86.4394 25.4
86.5606 25.6991
86.6651 26.0052
86.7528 26.3183
86.8239 26.6383
86.8782 26.9652
86.9158 27.2992
86.9367 27.64
86.9409 27.9879
86.9284 28.3427
86.8992 28.7045
86.8533 29.0732
86.7906 29.4489
86.7113 29.8316
86.6152 30.2212
86.5024 30.6178
86.3729 31.0213
86.2267 31.4319
86.0639 31.8493
85.8946 32.2679
85.7262 32.6835
85.5586 33.0961
85.3919 33.5058
85.2259 33.9125
85.0608 34.3162
84.8965 34.717
84.733 35.1148
84.5704 35.5096
84.4086 35.9015
84.2476 36.2904
84.0875 36.6763
83.9281 37.0593
83.7696 37.4393
83.612 37.8164
83.4551 38.1905
83.2991 38.5616
83.1439 38.9297
82.9896 39.2949
82.836 39.6571
82.6833 40.0164
82.5314 40.3726
82.3804 40.726
82.2302 41.0763
82.0808 41.4237
81.9322 41.7681
81.7844 42.1096
81.6375 42.4481
81.4914 42.7836
81.3462 43.1161
81.2017 43.4457
81.0576 43.7726
80.9105 44.0985
80.7599 44.4235
80.6059 44.7478
80.4484 45.0713
80.2874 45.3941
80.1229 45.716
79.9549 46.0372
79.7835 46.3576
79.6085 46.6772
79.4301 46.996
79.2482 47.3141
79.0628 47.6314
78.874 47.9479
78.6817 48.2636
78.4859 48.5785
78.2866 48.8927
78.0838 49.2061
77.8775 49.5187
77.6678 49.8305
77.4546 50.1416
77.2379 50.4519
77.0177 50.7613
76.7941 51.0701
76.5669 51.378
76.3363 51.6851
76.1022 51.9915
75.8647 52.2971
75.6236 52.6019
75.3791 52.906
75.131 53.2092
74.8795 53.5117
74.6241 53.8112
74.364 54.1043
74.0992 54.3912
73.8298 54.6717
73.5557 54.946
73.277 55.2139
72.9936 55.4756
72.7055 55.731
72.4128 55.9801
72.1154 56.2228
71.8134 56.4593
71.5068 56.6895
71.1954 56.9134
70.8795 57.131
70.5588 57.3423
70.2335 57.5473
69.9036 57.746
69.5689 57.9384
69.2297 58.1245
68.8858 58.3043
68.5372 58.4778
68.184 58.6451
67.8261 58.806
67.4635 58.9606
67.0963 59.109
66.7245 59.251
66.3479 59.3867
65.9668 59.5162
65.5809 59.6393
65.1905 59.7562
64.7953 59.8667
64.3959 59.9709
63.9968 60.0682
63.5997 60.1584
63.2045 60.2414
62.8113 60.3173
62.42 60.386
62.0306 60.4476
61.6432 60.5021
61.2577 60.5494
60.8741 60.5897
60.4925 60.6227
60.1128 60.6487
59.7351 60.6675
59.3593 60.6792
58.9855 60.6837
58.6135 60.6812
58.2435 60.6714
57.8755 60.6546
57.5094 60.6306
57.1452 60.5995
56.783 60.5613
56.4227 60.5159
56.0643 60.4634
55.7079 60.4037
55.3535 60.3369
55.0009 60.263
54.6503 60.182
54.3016 60.0938
53.9549 59.9985
53.6101 59.8961
53.2673 59.7865
52.9264 59.6698
52.587 59.5469
52.2482 59.4205
51.9099 59.2907
51.572 59.1575
51.2347 59.0208
50.8978 58.8808
50.5615 58.7373
50.2256 58.5904
49.8902 58.4401
49.5553 58.2864
49.221 58.1293
48.887 57.9688
48.5536 57.8048
48.2207 57.6375
47.8883 57.4667
47.5563 57.2925
47.2249 57.1149
46.8939 56.9339
46.5634 56.7495
46.2335 56.5616
45.904 56.3704
45.575 56.1757
45.2465 55.9776
44.9184 55.7762
44.5909 55.5713
44.2639 55.363
43.9373 55.1512
43.6113 54.9361
43.2857 54.7175
42.9606 54.4956
42.6361 54.2702
42.3119 54.0415
41.9869 53.818
41.6602 53.6045
41.3317 53.4013
41.0015 53.2081
40.6696 53.0252
40.336 52.8524
40.0006 52.6897
39.6635 52.5371
39.3247 52.3948
38.9842 52.2625
38.6419 52.1405
38.2979 52.0285
37.9522 51.9268
37.6047 51.8351
37.2556 51.7536
36.9047 51.6823
36.5521 51.6211
36.1977 51.5701
35.8416 51.5292
35.4838 51.4985
35.1243 51.4779
34.7631 51.4675
34.4001 51.4672
34.0354 51.477
33.669 51.497
33.3008 51.5272
32.9309 51.5675
32.5593 51.618
32.186 51.6786
31.8109 51.7493
31.4342 51.8302
31.0557 51.9196
30.6754 52.0087
30.2934 52.0965
29.9097 52.1829
29.5242 52.2679
29.137 52.3515
28.7481 52.4337
28.3574 52.5146
27.965 52.5941
27.5708 52.6721
27.1749 52.7488
26.7772 52.8242
26.3778 52.8981
25.9767 52.9706
25.5738 53.0418
25.1692 53.1116
24.7628 53.18
24.3548 53.247
23.9449 53.3127
23.5333 53.3769
23.12 53.4398
22.7049 53.5013
22.2881 53.5614
21.8696 53.6201
21.4493 53.6774
21.0273 53.7334
20.6035 53.788
20.178 53.8411
19.7508 53.893
19.3218 53.9434
18.8911 53.9924
18.4586 54.0401
18.0291 54.0804
17.6083 54.1062
17.1962 54.1176
16.7927 54.1146
16.3978 54.0971
16.0117 54.0651
15.6342 54.0186
15.2654 53.9577
14.9052 53.8823
14.5537 53.7925
14.2109 53.6882
13.8767 53.5694
13.5512 53.4361
13.2344 53.2884
12.9262 53.1263
12.6267 52.9497
12.3359 52.7586
12.0537 52.553
11.7802 52.333
11.5154 52.0985
11.2592 51.8496
11.0117 51.5861
10.7728 51.3083
10.5426 51.0159
10.3211 50.7091
10.1083 50.3879
9.90409 50.0521
9.70857 49.7019
9.52171 49.3373
9.34352 48.9582
9.17399 48.5646
9.01219 48.1581
8.84772 47.7569
8.6777 47.3659
8.50214 46.9851
8.32103 46.6146
8.13436 46.2542
7.94216 45.904
7.74441 45.564
7.54111 45.2342
7.33227 44.9147
7.11787 44.6053
6.89793 44.3061
6.67245 44.0172
6.44141 43.7384
6.20483 43.4699
5.9627 43.2115
5.71503 42.9634
5.46181 42.7255
5.20303 42.4978
4.93872 42.2802
4.66885 42.0729
4.39345 41.8758
4.11249 41.6889
3.82598 41.5122
3.53394 41.3457
3.23633 41.1894
2.93319 41.0433
2.62451 40.9075
2.31026 40.7818
1.99048 40.6663
1.66514 40.561
1.33427 40.466
1.00029 40.376
0.668739 40.2793
0.339845 40.1755
0.0135838 40.0647
-0.310019 39.9467
-0.630975 39.8217
-0.949297 39.6896
-1.26496 39.5504
-1.57799 39.4041
-1.88836 39.2507
-2.19609 39.0902
-2.50118 38.9226
-2.80361 38.7479
-3.10341 38.5661
-3.40056 38.3773
-3.69505 38.1813
-3.98691 37.9783
-4.27612 37.7681
-4.56268 37.5509
-4.8466 37.3266
-5.12786 37.0952
-5.40649 36.8567
-5.68246 36.6111
-5.9558 36.3584
-6.22648 36.0986
-6.49452 35.8317
-6.75992 35.5577
-7.02266 35.2767
-7.28277 34.9885
-7.54022 34.6933
-7.79502 34.391
-8.04717 34.0816
-8.29575 33.7695
-8.54032 33.4568
-8.78088 33.1435
-9.01742 32.8295
-9.24996 32.5149
-9.47848 32.1997
-9.70299 31.8839
-9.92349 31.5674
-10.14 31.2503
-10.3524 30.9327
-10.5609 30.6143
-10.7653 30.2954
-10.9658 29.9758
-11.1622 29.6557
-11.3546 29.3349
-11.543 29.0135
-11.7274 28.6914
-11.9078 28.3688
-12.0841 28.0455
-12.2564 27.7216
-12.4248 27.3971
-12.5891 27.0719
-12.7494 26.7462
-12.9057 26.4198
-13.058 26.0928
-13.2063 25.7652
-13.3505 25.4369
-13.4908 25.1081
-13.627 24.7786
-13.7592 24.4485
-13.8874 24.1178
-14.0133 23.7863
-14.1437 23.4538
-14.2797 23.1201
-14.4211 22.7853
-14.5679 22.4494
-14.7202 22.1123
-14.8779 21.774
-15.0411 21.4347
-15.2097 21.0941
-15.3837 20.7525
-15.5632 20.4097
-15.7482 20.0657
-15.9385 19.7207
-16.1344 19.3744
-16.3357 19.0271
-16.5424 18.6786
-16.7545 18.3289
-16.9721 17.9781
-17.1952 17.6262
-17.4237 17.2731
-17.6576 16.9189
-17.897 16.5636
-18.1418 16.2071
-18.3921 15.8495
-18.6479 15.4907
-18.909 15.1308
-19.1756 14.7697
-19.4477 14.4075
-19.7252 14.0442
-20.0081 13.6797
-20.2965 13.3141
-20.5903 12.9473
-20.8871 12.5882
-21.1845 12.2452
-21.4824 11.9185
-21.7808 11.6081
-22.0797 11.3139
-22.3792 11.0359
-22.6792 10.7742
-22.9797 10.5288
-23.2808 10.2996
-23.5824 10.0867
-23.8845 9.89002
-24.1871 9.7096
-24.4904 9.54541
-24.7941 9.3975
-25.0983 9.26583
-25.4031 9.15042
-25.7084 9.05126
-26.0142 8.96835
-26.3206 8.90169
-26.6275 8.85129
-26.9349 8.81713
-27.2428 8.79923
-27.5514 8.79759
-27.8604 8.81219
-28.1699 8.84305
-28.48 8.89016
-28.7906 8.95352
-29.1017 9.03314
-29.4134 9.12901
-29.7256 9.24113
-30.0383 9.3695
-30.3516 9.51314
-30.6652 9.66339
-30.979 9.81818
-31.2931 9.97752
-31.6076 10.1414
-31.9223 10.3098
-32.2373 10.4829
-32.5526 10.6604
-32.8682 10.8425
-33.1841 11.0291
-33.5002 11.2203
-33.8167 11.4161
-34.1334 11.6164
-34.4505 11.8212
-34.7678 12.0306
-35.0854 12.2446
-35.4033 12.4631
-35.7215 12.6861
-36.0399 12.9137
-36.3587 13.1459
-36.6777 13.3826
-36.9971 13.6239
-37.3167 13.8697
-37.6366 14.12
-37.9568 14.3749
-38.2773 14.6344
-38.5981 14.8984
-38.9191 15.167
-39.2405 15.4401
-39.5621 15.7177
-39.884 15.9999
-40.2063 16.2867
-40.5287 16.5703
-40.8513 16.8357
-41.1741 17.0825
-41.4971 17.3107
-41.8203 17.5204
-42.1436 17.7114
-42.467 17.884
-42.7907 18.0379
-43.1145 18.1732
-43.4385 18.29
-43.7626 18.3883
-44.0869 18.4679
-44.4114 18.529
-44.7361 18.5715
-45.0609 18.5954
-45.3859 18.6007
-45.7111 18.5875
-46.0364 18.5557
-46.3619 18.5053
-46.6876 18.4363
-47.0134 18.3488
-47.3394 18.2427
-47.6656 18.1181
-47.9919 17.9748
-48.3185 17.813
-48.6451 17.6326
-48.972 17.4336
-49.299 17.2161
-49.6262 16.9799
-49.9535 16.7252
-50.2811 16.452
-50.6084 16.1605
-50.9261 15.8603
-51.2301 15.5555
-51.5203 15.2461
-51.7967 14.9322
-52.0593 14.6137
-52.3082 14.2907
-52.5434 13.9631
-52.7647 13.6309
-52.9723 13.2942
-53.1662 12.9529
-53.3462 12.607
-53.5125 12.2566
-53.665 11.9016
-53.8038 11.542
-53.9288 11.1779
-54.04 10.8092
-54.1375 10.436
-54.2212 10.0582
-54.2911 9.67582
-54.3473 9.28889
-54.3897 8.8974
-54.4183 8.50135
-54.4332 8.1007
-54.4343 7.69552
-54.4216 7.28578
-54.3952 6.87147
-54.355 6.4526
-54.301 6.02913
-54.2333 5.60114
-54.1518 5.16858
-54.0565 4.73145
-53.9527 4.29203
-53.8593 3.85843
-53.7779 3.43145
-53.7086 3.01108
-53.6514 2.5973
-53.6063 2.19012
-53.5732 1.78951
-53.5522 1.39553
-53.5433 1.00814
-53.5464 0.627347
-53.5616 0.253153
-53.5889 -0.114472
-53.6283 -0.475472
-53.6797 -0.829875
-53.7433 -1.17768
-53.8188 -1.51889
-53.9065 -1.85353
-54.0062 -2.18154
-54.118 -2.50296
-54.2419 -2.81778
-54.3779 -3.126
-54.5259 -3.42765
-54.686 -3.72268
-54.8582 -4.01111
-55.0424 -4.29295
-55.2387 -4.56818
-55.4471 -4.83685
-55.6676 -5.09889
-55.9001 -5.35433
-56.1447 -5.60318
-56.4014 -5.84544
-56.6701 -6.08111
-56.9474 -6.30996
-57.2301 -6.53181
-57.5183 -6.74669
-57.8119 -6.95458
-58.1111 -7.15549
-58.4157 -7.34941
-58.7258 -7.53634
-59.0414 -7.71628
-59.3624 -7.88924
-59.689 -8.05522
-60.021 -8.21421
-60.3585 -8.3662
-60.7014 -8.51122
-61.0499 -8.64924
-61.4038 -8.78029
-61.7632 -8.90435
-62.1281 -9.02141
-62.4985 -9.1315
-62.8743 -9.23459
-63.2556 -9.33071
-63.6424 -9.41983
-64.0347 -9.50197
-64.4325 -9.57712
-64.8357 -9.64529
-65.2444 -9.70647
-65.6586 -9.76066
-66.0783 -9.80787
-66.5034 -9.84809
-66.934 -9.88133
-67.3702 -9.90758
-67.8117 -9.92684
-68.2565 -9.94127
-68.6881 -9.96645
-69.1032 -10.0055
-69.5018 -10.0584
-69.8839 -10.1252
-70.2495 -10.2058
-70.5986 -10.3003
-70.9312 -10.4086
-71.2473 -10.5308
-71.5469 -10.6668
-71.8301 -10.8167
-72.0967 -10.9805
-72.3468 -11.1581
-72.5805 -11.3496
-72.7977 -11.5549
-72.9983 -11.7741
-73.1825 -12.0072
-73.3502 -12.2541
-73.5014 -12.5149
-73.6361 -12.7895
-73.7543 -13.078
-73.856 -13.3803
-73.9412 -13.6965
-74.01 -14.0266
-74.0622 -14.3705
-74.098 -14.7283
-74.1172 -15.0999
-74.12 -15.4854
-74.1063 -15.8847
-74.076 -16.2979
-74.0293 -16.725
-73.9661 -17.1659
-73.8898 -17.613
-73.8062 -18.0535
-73.7154 -18.4871
-73.6173 -18.914
-73.5119 -19.3341
-73.3993 -19.7473
-73.2794 -20.1539
-73.1522 -20.5535
-73.0178 -20.9464
-72.8762 -21.3325
-72.7272 -21.7118
-72.5711 -22.0843
-72.4076 -22.45
-72.2369 -22.8089
-72.059 -23.161
-71.8738 -23.5063
-71.6813 -23.8448
-71.4816 -24.1765
-71.2746 -24.5014
-71.0604 -24.8195
-70.8389 -25.1308
-70.6101 -25.4354
-70.3741 -25.7331
-70.1309 -26.024
-69.8803 -26.3081
-69.6226 -26.5854
-69.3575 -26.856
-69.0852 -27.1197
-68.8057 -27.3766
-68.5189 -27.6268
-68.2248 -27.8701
-67.9237 -28.1068
-67.62 -28.3405
-67.3155 -28.5723
-67.0101 -28.8023
-66.7039 -29.0306
-66.3967 -29.2571
-66.0887 -29.4819
-65.7798 -29.7048
-65.4701 -29.9259
-65.1594 -30.1453
-64.8479 -30.3629
-64.5356 -30.5787
-64.2223 -30.7928
-63.9082 -31.005
-63.5932 -31.2155
-63.2773 -31.4242
-62.9606 -31.6311
-62.643 -31.8362
-62.3245 -32.0396
-62.0052 -32.2412
-61.6849 -32.441
-61.3638 -32.639
-61.0418 -32.8352
-60.719 -33.0297
-60.3953 -33.2223
-60.0707 -33.4132
-59.7452 -33.6023
-59.4189 -33.7897
-59.0917 -33.9752
-58.7636 -34.159
-58.4347 -34.341
-58.1048 -34.5212
-57.774 -34.6992
-57.4417 -34.8739
-57.1079 -35.0451
-56.7727 -35.2128
-56.4359 -35.3771
-56.0977 -35.5379
-55.758 -35.6953
-55.4168 -35.8491
-55.0741 -35.9996
-54.73 -36.1465
-54.3843 -36.29
-54.0372 -36.4301
-53.6886 -36.5666
-53.3385 -36.6998
-52.9869 -36.8294
-52.6339 -36.9556
-52.2794 -37.0783
-51.9233 -37.1976
-51.5658 -37.3134
-51.2068 -37.4257
-50.8464 -37.5346
-50.4844 -37.64
-50.121 -37.742
-49.756 -37.8405
-49.3896 -37.9355
-49.0217 -38.0271
-48.6524 -38.1152
-48.2815 -38.1998
-47.9092 -38.281
-47.5353 -38.3587
-47.16 -38.433
-46.7833 -38.5038
-46.4059 -38.5729
-46.0287 -38.6417
-45.6516 -38.7102
-45.2746 -38.7783
-44.8977 -38.8461
-44.5209 -38.9135
-44.1442 -38.9805
-43.7677 -39.0472
-43.3912 -39.1135
-43.0149 -39.1795
-42.6387 -39.2451
-42.2625 -39.3104
-41.8865 -39.3754
-41.5106 -39.4399
-41.1348 -39.5042
-40.7591 -39.568
-40.3835 -39.6315
-40.0081 -39.6947
-39.6327 -39.7575
-39.2575 -39.8199
-38.8823 -39.882
-38.5073 -39.9438
-38.1324 -40.0052
-37.7576 -40.0662
-37.3829 -40.1269
-37.0083 -40.1872
-36.6338 -40.2472
-36.2594 -40.3069
-35.8852 -40.3661
-35.511 -40.4251
-35.137 -40.4836
-34.763 -40.5423
-34.3893 -40.6035
-34.0159 -40.6677
-33.6426 -40.735
-33.2695 -40.8052
-32.8967 -40.8785
-32.5241 -40.9548
-32.1517 -41.0341
-31.7796 -41.1164
-31.4076 -41.2017
-31.0359 -41.29
-30.6644 -41.3813
-30.2931 -41.4757
-29.922 -41.573
-29.5512 -41.6734
-29.1806 -41.7768
-28.8102 -41.8832
-28.44 -41.9926
-28.0701 -42.105
-27.7003 -42.2204
-27.3308 -42.3389
-26.9615 -42.4603
-26.5924 -42.5848
-26.2236 -42.7122
-25.855 -42.8427
-25.4866 -42.9762
-25.1184 -43.1127
-24.7504 -43.2522
-24.3827 -43.3947
-24.0152 -43.5403
-23.6478 -43.6888
-23.2808 -43.8404
-22.9161 -43.9962
-22.5568 -44.1582
-22.2029 -44.3264
-21.8544 -44.5007
-21.5114 -44.6812
-21.1739 -44.8678
-20.8417 -45.0606
-20.515 -45.2595
-20.1937 -45.4646
-19.8778 -45.6759
-19.5674 -45.8933
-19.2624 -46.1169
-18.9628 -46.3466
-18.6687 -46.5824
-18.38 -46.8245
-18.0967 -47.0726
-17.8189 -47.327
-17.5464 -47.5875
-17.2794 -47.8541
-17.0179 -48.1269
-16.7617 -48.4059
-16.511 -48.691
-16.2658 -48.9822
-16.0259 -49.2797
-15.7915 -49.5833
-15.5625 -49.893
-15.339 -50.2089
-15.1209 -50.5309
-14.9082 -50.8591
-14.7009 -51.1935
-14.4991 -51.534
-14.3021 -51.88
-14.1017 -52.2228
-13.8952 -52.5596
-13.6826 -52.8903
-13.4638 -53.215
-13.239 -53.5336
-13.0081 -53.8461
-12.7711 -54.1526
-12.5279 -54.453
-12.2787 -54.7474
-12.0234 -55.0357
-11.7619 -55.3179
-11.4944 -55.5941
-11.2207 -55.8642
-10.941 -56.1283
-10.6551 -56.3863
-10.3632 -56.6382
-10.0651 -56.8842
-9.76094 -57.124
-9.45068 -57.3578
-9.13432 -57.5855
-8.81185 -57.8071
-8.48325 -58.0228
-8.14858 -58.2323
-7.8078 -58.4358
-7.46092 -58.6332
-7.10794 -58.8246
-6.74882 -59.0099
-6.38363 -59.1892
-6.01234 -59.3623
-5.63494 -59.5295
-5.25144 -59.6906
-4.865 -59.8423
-4.48406 -59.9763
-4.10906 -60.0919
-3.74 -60.1892
-3.37687 -60.2681
-3.01964 -60.3288
-2.66838 -60.3711
-2.32304 -60.3951
-1.98365 -60.4008
-1.65018 -60.3882
-1.32263 -60.3573
-1.00103 -60.308
-0.68537 -60.2405
-0.375641 -60.1546
-0.0718455 -60.0504
0.226039 -59.9279
0.517966 -59.7871
0.80396 -59.6279
1.08402 -59.4504
1.35815 -59.2547
1.62636 -59.0406
1.88862 -58.8082
2.14495 -58.5574
2.39534 -58.2884
2.6398 -58.001
2.87834 -57.6953
3.11093 -57.3713
3.33759 -57.029
3.55831 -56.6684
3.7731 -56.2895
3.98197 -55.8922
4.18483 -55.4768
4.37763 -55.0563
4.55791 -54.6385
4.72568 -54.2234
4.88094 -53.811
5.02368 -53.4013
5.15389 -52.9943
5.27159 -52.5901
5.37678 -52.1885
5.46945 -51.7897
5.5496 -51.3936
5.61724 -51.0001
5.67235 -50.6094
5.71496 -50.2214
5.74504 -49.8361
5.76261 -49.4536
5.76766 -49.0737
5.7602 -48.6965
5.74022 -48.3221
5.70772 -47.9503
5.6627 -47.5813
5.60517 -47.215
5.53512 -46.8514
5.45256 -46.4905
5.35747 -46.1322
5.24987 -45.7768
5.12976 -45.424
4.99713 -45.0739
4.85198 -44.7266
4.69431 -44.3819
4.52413 -44.04
4.34143 -43.7008
4.14747 -43.3644
3.94853 -43.0314
3.74545 -42.7018
3.53827 -42.3758
3.32698 -42.0532
3.11158 -41.7341
2.89205 -41.4185
2.6684 -41.1063
2.44065 -40.7976
2.20878 -40.4924
1.9728 -40.1907
1.7327 -39.8925
1.48847 -39.5977
1.24014 -39.3064
0.987702 -39.0186
0.731144 -38.7342
0.470472 -38.4533
0.205663 -38.1759
-0.0632396 -37.902
-0.336258 -37.6316
-0.613391 -37.3646
-0.894639 -37.1011
-1.18002 -36.8411
-1.4695 -36.5845
-1.7631 -36.3315
-2.06081 -36.0819
-2.36263 -35.8358
-2.66859 -35.5931
-2.97865 -35.354
-3.29282 -35.1183
-3.6111 -34.8861
-3.9335 -34.6573
-4.25882 -34.4329
-4.58555 -34.2138
-4.91372 -33.9999
-5.24333 -33.7913
-5.57438 -33.5881
-5.90689 -33.3901
-6.2408 -33.1974
-6.57616 -33.01
-6.91295 -32.8279
-7.25118 -32.651
-7.59087 -32.4795
-7.93198 -32.3133
-8.27452 -32.1523
-8.61849 -31.9966
-8.96391 -31.8463
-9.31078 -31.7012
-9.65907 -31.5614
-10.0088 -31.4269
-10.36 -31.2977
-10.7126 -31.1738
-11.0666 -31.0551
-11.4221 -30.9418
-11.779 -30.8337
-12.1373 -30.731
-12.4971 -30.6335
-12.8584 -30.5413
-13.221 -30.4545
-13.5851 -30.3729
-13.9507 -30.2965
-14.3176 -30.2255
-14.6861 -30.1598
-15.0558 -30.0987
-15.426 -30.0347
-15.7963 -29.9657
-16.1668 -29.8917
-16.5375 -29.8127
-16.9084 -29.7287
-17.2794 -29.6397
-17.6505 -29.5458
-18.0218 -29.4468
-18.3933 -29.3429
-18.765 -29.234
-19.1368 -29.1201
-19.5088 -29.0012
-19.8809 -28.8773
-20.2532 -28.7484
-20.6257 -28.6145
-20.9983 -28.4757
-21.3711 -28.3318
-21.7441 -28.183
-22.1172 -28.0292
-22.4905 -27.8704
-22.8639 -27.7066
-23.2376 -27.5378
-23.6113 -27.3641
-23.9853 -27.1853
-24.3593 -27.0016
-24.7336 -26.8128
-25.1081 -26.6191
-25.4826 -26.4204
-25.8574 -26.2167
-26.2323 -26.008
-26.6074 -25.7943
-26.9759 -25.5761
-27.3226 -25.3545
-27.6469 -25.1295
-27.9487 -24.9012
-28.2282 -24.6694
-28.4853 -24.4343
-28.7199 -24.1959
-28.9322 -23.954
-29.122 -23.7088
-29.2895 -23.4601
-29.4345 -23.2081
-29.5571 -22.9528
-29.6574 -22.6941
-29.7352 -22.432
-29.7906 -22.1665
-29.8236 -21.8976
-29.8342 -21.6254
-29.8224 -21.3497
-29.7882 -21.0708
-29.7316 -20.7884
-29.6525 -20.5026
-29.5511 -20.2135
-29.4273 -19.921
-29.2811 -19.6252
-29.1124 -19.3259
-28.9214 -19.0232
-28.7079 -18.7173
-28.4721 -18.4079
-28.2138 -18.0951
-27.9331 -17.779
-27.63 -17.4595
-27.3049 -17.1369
-26.9713 -16.8203
-26.6363 -16.5146
-26.2998 -16.2197
-25.9619 -15.9357
-25.6225 -15.6625
-25.2817 -15.4002
-24.9395 -15.1487
-24.5958 -14.908
-24.2507 -14.6782
-23.9041 -14.4593
-23.5561 -14.2512
-23.2067 -14.0539
-22.8557 -13.8675
-22.5034 -13.6919
-22.1496 -13.5272
-21.7944 -13.3733
-21.4378 -13.2302
-21.0796 -13.098
-20.7201 -12.9767
-20.3591 -12.8662
-19.9966 -12.7665
-19.6328 -12.6777
-19.2675 -12.5997
-18.9007 -12.5326
-18.5325 -12.4763
-18.1629 -12.4309
-17.7918 -12.3963
-17.4193 -12.3726
-17.0453 -12.3597
-16.6699 -12.3576
-16.293 -12.3664
-15.9149 -12.384
-15.536 -12.4017
-15.1564 -12.4185
-14.7761 -12.4345
-14.3952 -12.4497
-14.0136 -12.464
-13.6313 -12.4774
-13.2483 -12.49
-12.8648 -12.5017
-12.4804 -12.5126
-12.0955 -12.5226
-11.7098 -12.5317
-11.3234 -12.54
-10.9365 -12.5475
-10.5488 -12.5541
-10.1604 -12.5598
-9.77138 -12.5647
-9.38165 -12.5687
-8.9913 -12.5718
-8.60022 -12.5741
-8.20852 -12.5756
-7.81608 -12.5762
