-0.493647 -9.23014
-0.859441 -9.1443
-1.22619 -9.06094
-1.59389 -8.98007
-1.96254 -8.9017
-2.33214 -8.82581
-2.7027 -8.75242
-3.07421 -8.68152
-3.44667 -8.61311
-3.82008 -8.54719
-4.19444 -8.48376
-4.56976 -8.42282
-4.94603 -8.36437
-5.32325 -8.30841
-5.70143 -8.25495
-6.08055 -8.20397
-6.46063 -8.15549
-6.84166 -8.10949
-7.22365 -8.06599
-7.60658 -8.02498
-7.99047 -7.98645
-8.37531 -7.95042
-8.7611 -7.91688
-9.14785 -7.88583
-9.53555 -7.85728
-9.92419 -7.83121
-10.3138 -7.80763
-10.7044 -7.78655
-11.0959 -7.76795
-11.4883 -7.75185
-11.8817 -7.73823
-12.2761 -7.72711
-12.6713 -7.71853
-13.0661 -7.71357
-13.4597 -7.71267
-13.8523 -7.71584
-14.2437 -7.72308
-14.6341 -7.73438
-15.0233 -7.74975
-15.4115 -7.76918
-15.7986 -7.79268
-16.1846 -7.82024
-16.5694 -7.85187
-16.9532 -7.88757
-17.3359 -7.92733
-17.7175 -7.97115
-18.098 -8.01904
-18.4775 -8.071
-18.8558 -8.12702
-19.233 -8.18711
-19.6091 -8.25126
-19.9842 -8.31948
-20.3581 -8.39176
-20.731 -8.46811
-21.1027 -8.54853
-21.4734 -8.63301
-21.843 -8.72155
-22.2114 -8.81416
-22.5788 -8.91084
-22.9451 -9.01158
-23.3103 -9.11639
-23.6744 -9.22526
-24.0374 -9.3382
-24.3993 -9.4552
-24.7595 -9.5769
-25.1143 -9.70701
-25.463 -9.84618
-25.8057 -9.9944
-26.1423 -10.1517
-26.4729 -10.318
-26.7974 -10.4933
-27.1158 -10.6777
-27.4283 -10.8712
-27.7346 -11.0737
-28.035 -11.2853
-28.3292 -11.5059
-28.6174 -11.7355
-28.8996 -11.9742
-29.1757 -12.222
-29.4458 -12.4788
-29.7098 -12.7446
-29.9678 -13.0195
-30.2197 -13.3035
-30.4656 -13.5965
-30.7054 -13.8985
-30.9392 -14.2096
-31.1669 -14.5297
-31.3886 -14.8589
-31.6042 -15.1971
-31.8137 -15.5444
-32.0173 -15.9008
-32.2147 -16.2662
-32.4062 -16.6406
-32.5915 -17.0241
-32.7708 -17.4166
-32.9441 -17.8182
-33.1085 -18.2248
-33.2568 -18.6269
-33.3888 -19.0239
-33.5046 -19.4158
-33.604 -19.8027
-33.6871 -20.1845
-33.7539 -20.5612
-33.8044 -20.9329
-33.8386 -21.2996
-33.8565 -21.6612
-33.8581 -22.0177
-33.8434 -22.3692
-33.8124 -22.7156
-33.765 -23.057
-33.7014 -23.3933
-33.6214 -23.7246
-33.5252 -24.0508
-33.4126 -24.3719
-33.2837 -24.688
-33.1386 -24.999
-32.9771 -25.305
-32.7993 -25.6059
-32.6052 -25.9018
-32.3948 -26.1926
-32.1681 -26.4783
-31.925 -26.759
-31.6657 -27.0347
-31.3901 -27.3053
-31.0981 -27.5708
-30.7899 -27.8313
-30.4653 -28.0867
-30.1245 -28.337
-29.7755 -28.5825
-29.4267 -28.8232
-29.0781 -29.0591
-28.7296 -29.2902
-28.3813 -29.5166
-28.0332 -29.7382
-27.6852 -29.955
-27.3373 -30.1671
-26.9896 -30.3744
-26.6421 -30.577
-26.2947 -30.7748
-25.9475 -30.9678
-25.6004 -31.156
-25.2535 -31.3395
-24.9067 -31.5182
-24.5601 -31.6921
-24.2137 -31.8613
-23.8674 -32.0257
-23.5213 -32.1854
-23.1753 -32.3402
-22.8295 -32.4903
-22.4838 -32.6357
-22.1383 -32.7762
-21.7929 -32.9121
-21.4477 -33.0431
-21.1027 -33.1694
-20.7578 -33.2909
-20.4131 -33.4076
-20.0685 -33.5196
-19.7241 -33.6268
-19.3798 -33.7292
-19.0357 -33.827
-18.6896 -33.9238
-18.341 -34.0208
-17.9898 -34.1181
-17.636 -34.2157
-17.2796 -34.3137
-16.9206 -34.4119
-16.559 -34.5105
-16.1948 -34.6094
-15.828 -34.7085
-15.4585 -34.808
-15.0865 -34.9078
-14.7119 -35.0079
-14.3347 -35.1083
-13.9549 -35.209
-13.5725 -35.3101
-13.1875 -35.4114
-12.7999 -35.513
-12.4097 -35.615
-12.0169 -35.7172
-11.6215 -35.8198
-11.2235 -35.9227
-10.8229 -36.0259
-10.4197 -36.1294
-10.0139 -36.2332
-9.60552 -36.3373
-9.19453 -36.4417
-8.78093 -36.5464
-8.36474 -36.6514
-7.94595 -36.7568
-7.52456 -36.8624
-7.10057 -36.9684
-6.67595 -37.0761
-6.26257 -37.1939
-5.86242 -37.3233
-5.47547 -37.4643
-5.10174 -37.6169
-4.74122 -37.7811
-4.39392 -37.9569
-4.05984 -38.1442
-3.73897 -38.3432
-3.43131 -38.5537
-3.13687 -38.7758
-2.85564 -39.0095
-2.58763 -39.2547
-2.33283 -39.5116
-2.09125 -39.78
-1.86288 -40.06
-1.64773 -40.3516
-1.44579 -40.6548
-1.25707 -40.9696
-1.08156 -41.296
-0.919265 -41.6339
-0.770186 -41.9834
-0.634325 -42.3445
-0.511675 -42.7172
-0.402241 -43.1015
-0.306021 -43.4973
-0.223017 -43.9048
-0.153229 -44.3238
-0.0966537 -44.7544
-0.0532938 -45.1966
-0.0231488 -45.6503
-0.00621875 -46.1157
-0.00230817 -46.5832
-0.0109391 -47.0297
-0.0320901 -47.4543
-0.0657612 -47.8568
-0.111952 -48.2374
-0.170662 -48.5959
-0.241893 -48.9325
-0.325644 -49.247
-0.421915 -49.5396
-0.530706 -49.8102
-0.652014 -50.0587
-0.785845 -50.2853
-0.932196 -50.4899
-1.09107 -50.6724
-1.26246 -50.833
-1.44637 -50.9716
-1.6428 -51.0881
-1.85175 -51.1827
-2.07322 -51.2553
-2.30721 -51.3059
-2.55371 -51.3345
-2.81274 -51.3411
-3.0843 -51.3256
-3.36837 -51.2882
-3.66496 -51.2288
-3.97406 -51.1474
-4.29569 -51.044
-4.62984 -50.9186
-4.97651 -50.7712
-5.3357 -50.6018
-5.70741 -50.4104
-6.09164 -50.197
-6.48034 -49.9725
-6.86547 -49.7477
-7.24704 -49.5227
-7.62502 -49.2973
-7.99943 -49.0718
-8.37028 -48.8459
-8.73755 -48.6198
-9.10125 -48.3934
-9.46137 -48.1667
-9.81793 -47.9398
-10.1709 -47.7126
-10.5203 -47.4851
-10.8662 -47.2574
-11.2084 -47.0294
-11.5471 -46.8011
-11.8822 -46.5726
-12.2138 -46.3438
-12.5418 -46.1147
-12.8662 -45.8854
-13.187 -45.6558
-13.5043 -45.4259
-13.818 -45.1958
-14.1281 -44.9654
-14.4346 -44.7347
-14.7376 -44.5037
-15.037 -44.2725
-15.3328 -44.0411
-15.6251 -43.8093
-15.9138 -43.5773
-16.1989 -43.345
-16.4804 -43.1125
-16.7586 -42.8798
-17.0376 -42.6485
-17.3191 -42.4193
-17.6032 -42.1922
-17.8898 -41.9673
-18.1789 -41.7445
-18.4706 -41.5238
-18.7648 -41.3052
-19.0616 -41.0887
-19.3609 -40.8744
-19.6627 -40.6622
-19.9671 -40.452
-20.274 -40.2441
-20.5835 -40.0382
-20.8955 -39.8344
-21.2101 -39.6328
-21.5271 -39.4333
-21.8468 -39.2359
-22.1689 -39.0406
-22.4936 -38.8474
-22.8209 -38.6563
-23.1507 -38.4674
-23.483 -38.2806
-23.8179 -38.0959
-24.1553 -37.9133
-24.4952 -37.7328
-24.8377 -37.5545
-25.1827 -37.3783
-25.5303 -37.2042
-25.8804 -37.0322
-26.2331 -36.8623
-26.5883 -36.6945
-26.9459 -36.5293
-27.3053 -36.3689
-27.6664 -36.2139
-28.0293 -36.0641
-28.3938 -35.9196
-28.7601 -35.7804
-29.128 -35.6465
-29.4977 -35.5178
-29.8691 -35.3945
-30.2421 -35.2764
-30.6169 -35.1637
-30.9934 -35.0562
-31.3715 -34.954
-31.7514 -34.857
-32.133 -34.7654
-32.5163 -34.6791
-32.9013 -34.598
-33.288 -34.5222
-33.6764 -34.4518
-34.0665 -34.3866
-34.4583 -34.3266
-34.8518 -34.272
-35.2471 -34.2227
-35.644 -34.1786
-36.0426 -34.1398
-36.4429 -34.1064
-36.845 -34.0782
-37.2487 -34.0553
-37.6541 -34.0376
-38.0613 -34.0253
-38.4701 -34.0182
-38.8807 -34.0165
-39.2917 -34.0174
-39.7003 -34.0145
-40.1062 -34.0076
-40.5094 -33.9966
-40.91 -33.9816
-41.308 -33.9625
-41.7033 -33.9394
-42.096 -33.9122
-42.486 -33.8809
-42.8734 -33.8456
-43.2582 -33.8063
-43.6403 -33.7629
-44.0198 -33.7154
-44.3966 -33.6639
-44.7708 -33.6083
-45.1424 -33.5487
-45.5113 -33.4851
-45.8776 -33.4173
-46.2412 -33.3456
-46.6022 -33.2697
-46.9605 -33.1898
-47.3162 -33.1059
-47.6693 -33.0179
-48.0197 -32.9259
-48.3675 -32.8297
-48.7127 -32.7296
-49.0552 -32.6254
-49.395 -32.5171
-49.7322 -32.4048
-50.0668 -32.2884
-50.3988 -32.168
-50.7281 -32.0435
-51.0572 -31.9152
-51.3888 -31.7833
-51.7227 -31.6477
-52.059 -31.5085
-52.3977 -31.3656
-52.7387 -31.2192
-53.0822 -31.0691
-53.428 -30.9154
-53.7762 -30.758
-54.1267 -30.597
-54.4797 -30.4324
-54.835 -30.2642
-55.1927 -30.0923
-55.5528 -29.9168
-55.9152 -29.7377
-56.2801 -29.5549
-56.6473 -29.3685
-57.0169 -29.1785
-57.3889 -28.9848
-57.7632 -28.7875
-58.1399 -28.5866
-58.519 -28.3821
-58.9005 -28.1739
-59.2844 -27.9621
-59.6706 -27.7467
-60.0593 -27.5276
-60.4503 -27.3049
-60.8436 -27.0786
-61.2394 -26.8487
-61.6375 -26.6151
-62.038 -26.3779
-62.4404 -26.1371
-62.8335 -25.8939
-63.2129 -25.6487
-63.5784 -25.4015
-63.9301 -25.1524
-64.2681 -24.9012
-64.5922 -24.6481
-64.9026 -24.3931
-65.1991 -24.136
-65.4818 -23.877
-65.7508 -23.616
-66.0059 -23.353
-66.2473 -23.0881
-66.4748 -22.8212
-66.6886 -22.5523
-66.8885 -22.2814
-67.0747 -22.0085
-67.247 -21.7337
-67.4056 -21.4569
-67.5503 -21.1782
-67.6813 -20.8974
-67.7985 -20.6147
-67.9018 -20.33
-67.9914 -20.0434
-68.0671 -19.7547
-68.1291 -19.4641
-68.1773 -19.1715
-68.2116 -18.8769
-68.2322 -18.5804
-68.239 -18.2819
-68.2319 -17.9814
-68.2111 -17.6789
-68.1763 -17.3757
-68.1263 -17.0793
-68.0609 -16.791
-67.9801 -16.5106
-67.8839 -16.2383
-67.7723 -15.974
-67.6453 -15.7177
-67.5029 -15.4694
-67.3452 -15.2292
-67.172 -14.997
-66.9835 -14.7729
-66.7796 -14.5567
-66.5602 -14.3486
-66.3255 -14.1485
-66.0754 -13.9565
-65.8099 -13.7724
-65.529 -13.5964
-65.2328 -13.4284
-64.9211 -13.2685
-64.594 -13.1166
-64.2516 -12.9727
-63.8937 -12.8368
-63.5205 -12.709
-63.1319 -12.5891
-62.7279 -12.4773
-62.3085 -12.3736
-61.8737 -12.2779
-61.4235 -12.1901
-60.9579 -12.1105
-60.4769 -12.0388
-59.9805 -11.9752
-59.4688 -11.9196
-58.9506 -11.8667
-58.4478 -11.8035
-57.9615 -11.7294
-57.4915 -11.6443
-57.038 -11.5484
-56.6009 -11.4416
-56.1803 -11.3238
-55.776 -11.1952
-55.3882 -11.0556
-55.0168 -10.9052
-54.6618 -10.7438
-54.3232 -10.5715
-54.001 -10.3884
-53.6953 -10.1943
-53.406 -9.98931
-53.1331 -9.77341
-52.8767 -9.54662
-52.6366 -9.30891
-52.413 -9.06031
-52.2058 -8.8008
-52.015 -8.53037
-51.8406 -8.24905
-51.6827 -7.95681
-51.5411 -7.65368
-51.416 -7.33964
-51.3073 -7.01468
-51.2151 -6.67883
-51.1392 -6.33206
-51.0798 -5.9744
-51.0368 -5.60584
-51.0102 -5.22635
-51 -4.83597
-50.9963 -4.43945
-50.9892 -4.04159
-50.9786 -3.64237
-50.9646 -3.24178
-50.9472 -2.83985
-50.9262 -2.43655
-50.9019 -2.03191
-50.8741 -1.62592
-50.8428 -1.21856
-50.8081 -0.809852
-50.77 -0.399777
-50.7284 0.011637
-50.6833 0.424407
-50.6349 0.838547
-50.5829 1.25403
-50.5276 1.67088
-50.4687 2.08907
-50.4065 2.50861
-50.3407 2.92953
-50.2716 3.35179
-50.199 3.77541
-50.1229 4.20038
-50.0434 4.6267
-49.9605 5.05439
-49.8741 5.48342
-49.7842 5.91383
-49.6909 6.34557
-49.5942 6.77867
-49.494 7.21314
-49.3904 7.64894
-49.2833 8.08612
-49.1727 8.52392
-49.0557 8.9465
-48.9314 9.34739
-48.7996 9.72656
-48.6605 10.084
-48.5139 10.4198
-48.36 10.7339
-48.1986 11.0262
-48.0298 11.2969
-47.8537 11.5459
-47.6701 11.7731
-47.4791 11.9787
-47.2807 12.1625
-47.0749 12.3247
-46.8617 12.4651
-46.6412 12.5838
-46.4132 12.6809
-46.1778 12.7562
-45.9349 12.8098
-45.6847 12.8417
-45.4271 12.852
-45.1621 12.8405
-44.8897 12.8073
-44.6098 12.7524
-44.3226 12.6758
-44.028 12.5775
-43.7259 12.4575
-43.4165 12.3158
-43.0996 12.1524
-42.7754 11.9673
-42.4437 11.7605
-42.1047 11.5319
-41.7591 11.2849
-41.4124 11.0384
-41.0655 10.7955
-40.7184 10.5564
-40.371 10.3209
-40.0234 10.0891
-39.6756 9.86101
-39.3276 9.63659
-38.9794 9.41588
-38.6309 9.19885
-38.2822 8.98551
-37.9333 8.77586
-37.5842 8.56989
-37.2349 8.36761
-36.8853 8.16903
-36.5355 7.97412
-36.1855 7.78291
-35.8353 7.59539
-35.4848 7.41155
-35.1341 7.23141
-34.7832 7.05494
-34.4321 6.88218
-34.0808 6.71309
-33.7292 6.5477
-33.3774 6.38599
-33.0254 6.22797
-32.6732 6.07364
-32.3207 5.923
-31.9681 5.77605
-31.6152 5.63278
-31.2621 5.4932
-30.9087 5.35731
-30.5558 5.22802
-30.2047 5.11244
-29.8554 5.01089
-29.5081 4.92336
-29.1627 4.84988
-28.8192 4.79042
-28.4776 4.745
-28.1379 4.7136
-27.8001 4.69624
-27.4642 4.69291
-27.1302 4.70362
-26.7981 4.72835
-26.4679 4.76712
-26.1396 4.81992
-25.8132 4.88674
-25.4887 4.96761
-25.1662 5.0625
-24.8455 5.17142
-24.5267 5.29438
-24.2098 5.43137
-23.8949 5.58239
-23.5818 5.74744
-23.2707 5.92653
-22.9614 6.11965
-22.654 6.32679
-22.3486 6.54798
-22.045 6.78318
-21.7434 7.03242
-21.4436 7.2957
-21.1458 7.57301
-20.8499 7.86435
-20.5558 8.16972
-20.2644 8.4821
-19.9763 8.79451
-19.6914 9.1069
-19.4099 9.41932
-19.1317 9.73172
-18.8568 10.0441
-18.5851 10.3566
-18.3168 10.669
-18.0518 10.9814
-17.7901 11.2939
-17.5316 11.6063
-17.2765 11.9188
-17.0247 12.2312
-16.7762 12.5437
-16.531 12.8562
-16.2891 13.1686
-16.0504 13.4811
-15.8151 13.7936
-15.5831 14.1061
-15.3544 14.4186
-15.129 14.7311
-14.9069 15.0436
-14.6881 15.3562
-14.4725 15.6687
-14.2603 15.9812
-14.0514 16.2937
-13.8458 16.6063
-13.6435 16.9188
-13.4445 17.2314
-13.2488 17.5439
-13.0564 17.8565
-12.8672 18.1691
-12.6788 18.4825
-12.4902 18.7969
-12.3014 19.1123
-12.1125 19.4288
-11.9234 19.7464
-11.734 20.065
-11.5445 20.3847
-11.3549 20.7054
-11.165 21.0272
-10.975 21.35
-10.7848 21.6739
-10.5944 21.9989
-10.4038 22.3249
-10.213 22.6519
-10.0221 22.98
-9.83098 23.3091
-9.63968 23.6393
-9.4482 23.9706
-9.25655 24.3029
-9.06471 24.6362
-8.87267 24.9707
-8.68048 25.3061
-8.4881 25.6426
-8.29554 25.9802
-8.1028 26.3188
-7.90986 26.6585
-7.71676 26.9992
-7.52348 27.341
-7.33001 27.6838
-7.13637 28.0277
-6.94253 28.3726
-6.74782 28.7174
-6.54798 29.0549
-6.34231 29.3839
-6.1308 29.7044
-5.91344 30.0164
-5.69026 30.3199
-5.46125 30.615
-5.2264 30.9015
-4.98572 31.1795
-4.73918 31.4491
-4.48683 31.7102
-4.22865 31.9627
-3.96463 32.2068
-3.69477 32.4424
-3.41906 32.6695
-3.13753 32.8881
-2.85017 33.0982
-2.55698 33.2998
-2.25795 33.4929
-1.95306 33.6775
-1.64237 33.8537
-1.32583 34.0213
-1.00347 34.1805
-0.675263 34.3311
-0.3412 34.4733
-0.00132759 34.607
0.344379 34.7322
0.695921 34.8488
1.0533 34.957
1.41654 35.0567
1.78558 35.148
2.16046 35.2307
2.5374 35.3106
2.90715 35.4015
3.26933 35.5042
3.62388 35.6186
3.97082 35.7446
4.31017 35.8824
4.64191 36.0319
4.96608 36.193
5.28261 36.3659
5.59155 36.5504
5.89288 36.7467
6.18661 36.9546
6.47276 37.1743
6.75129 37.4056
7.02221 37.6486
7.28553 37.9034
7.54125 38.1698
7.78939 38.4479
8.0299 38.7378
8.26281 39.0393
8.48812 39.3525
8.70583 39.6774
8.91595 40.014
9.11845 40.3623
9.31336 40.7223
9.50065 41.094
9.68035 41.4774
9.85246 41.8726
10.0169 42.2794
10.1738 42.6978
10.3231 43.128
10.4648 43.5699
10.607 44.0096
10.7578 44.4333
10.9171 44.8408
11.0851 45.2323
11.2616 45.6077
11.4468 45.9671
11.6405 46.3103
11.8428 46.6375
12.0538 46.9486
12.2733 47.2437
12.5014 47.5227
12.7381 47.7856
12.9834 48.0324
13.2372 48.2632
13.4997 48.4778
13.7708 48.6765
14.0505 48.859
14.3387 49.0255
14.6355 49.1759
14.941 49.3102
15.255 49.4285
15.5776 49.5306
15.9088 49.6167
16.2486 49.6868
16.597 49.7407
16.954 49.7786
17.3196 49.8004
17.6938 49.8062
18.0765 49.7959
18.4679 49.7695
18.8678 49.727
19.2761 49.669
19.6858 49.607
20.0941 49.5457
20.5011 49.4852
20.9068 49.4254
21.3111 49.3663
21.7141 49.308
22.1158 49.2504
22.5161 49.1936
22.9151 49.1375
23.3128 49.0821
23.7091 49.0275
24.1041 48.9736
24.4977 48.9204
24.8901 48.868
25.281 48.8163
25.6707 48.7654
26.0589 48.7152
26.4459 48.6658
26.8316 48.617
27.2158 48.569
27.5988 48.5218
27.9804 48.4753
28.3607 48.4295
28.7396 48.3845
29.1172 48.3402
29.4935 48.2967
29.8684 48.2538
30.242 48.2118
30.6143 48.1704
30.9852 48.1298
31.3548 48.09
31.7231 48.0515
32.0908 48.0186
32.458 47.9918
32.8246 47.9713
33.1906 47.9569
33.5561 47.9487
33.921 47.9467
34.2854 47.9509
34.6492 47.9612
35.0124 47.9778
35.3751 48.0005
35.7373 48.0295
36.0989 48.0646
36.4599 48.1059
36.8204 48.1534
37.1803 48.2071
37.5397 48.2669
37.8985 48.333
38.2568 48.4052
38.6145 48.4836
38.9716 48.5682
39.3282 48.659
39.6843 48.756
40.0397 48.8592
40.3947 48.9686
40.749 49.0841
41.1029 49.2058
41.4561 49.3338
41.8089 49.4679
42.161 49.6081
42.5126 49.7546
42.8636 49.9073
43.2143 50.0646
43.565 50.2228
43.9157 50.3816
44.2664 50.5412
44.6171 50.7014
44.9679 50.8623
45.3186 51.024
45.6694 51.1863
46.0203 51.3493
46.3711 51.513
46.722 51.6773
47.0729 51.8424
47.4238 52.0082
47.7748 52.1746
48.1257 52.3418
48.4768 52.5096
48.8278 52.6781
49.1788 52.8473
49.5299 53.0172
49.881 53.1878
50.2321 53.3591
50.5832 53.5311
50.9344 53.7038
51.2856 53.8771
51.6368 54.0512
51.9881 54.2259
52.3393 54.4013
52.6906 54.5774
53.0419 54.7543
53.3932 54.9317
53.7446 55.1099
54.096 55.2888
54.4476 55.462
54.7998 55.6229
55.1526 55.7717
55.5059 55.9084
55.8597 56.0328
56.214 56.1451
56.5689 56.2453
56.9243 56.3332
57.2803 56.409
57.6368 56.4726
57.9939 56.5241
58.3514 56.5633
58.7096 56.5905
59.0682 56.6054
59.4274 56.6082
59.7871 56.5988
60.1474 56.5772
60.5082 56.5435
60.8696 56.4976
61.2315 56.4395
61.5939 56.3693
61.9568 56.2868
62.3203 56.1923
62.6844 56.0855
63.049 55.9666
63.4141 55.8355
63.7797 55.6923
64.1459 55.5368
64.5126 55.3692
64.8799 55.1895
65.2477 54.9975
65.6158 54.7937
65.9794 54.5837
66.3366 54.37
66.6874 54.1525
67.0317 53.9313
67.3695 53.7063
67.7009 53.4776
68.0259 53.2451
68.3444 53.0088
68.6564 52.7688
68.9621 52.5251
69.2612 52.2776
69.5539 52.0263
69.8402 51.7713
70.12 51.5125
70.3934 51.2499
70.6603 50.9837
70.9208 50.7136
71.1749 50.4398
71.4224 50.1622
71.6636 49.8809
71.8983 49.5959
72.1265 49.307
72.3483 49.0144
72.5637 48.7181
72.7726 48.418
72.975 48.1142
73.171 47.8065
73.3606 47.4952
73.5437 47.1801
73.7204 46.8612
73.8906 46.5386
74.0554 46.2123
74.2212 45.8833
74.3891 45.5517
74.559 45.2174
74.7309 44.8804
74.9049 44.5409
75.0809 44.1987
75.259 43.8538
75.4391 43.5063
75.6213 43.1562
75.8055 42.8035
75.9917 42.4481
76.18 42.0901
76.3703 41.7294
76.5627 41.3661
76.7571 41.0001
76.9535 40.6316
77.152 40.2604
77.3526 39.8865
77.5551 39.51
77.7598 39.1309
77.9664 38.7491
78.1751 38.3648
78.3859 37.9777
78.5986 37.5881
78.8135 37.1957
79.0304 36.8008
79.2493 36.4032
79.4702 36.003
79.6932 35.6002
79.9183 35.1946
80.1454 34.7865
80.3685 34.379
80.5732 33.9801
80.7587 33.59
80.925 33.2088
81.0722 32.8366
81.2002 32.4733
81.3091 32.1189
81.3988 31.7734
81.4693 31.4368
81.5207 31.1092
81.5529 30.7904
81.566 30.4806
81.5598 30.1797
81.5346 29.8876
81.4901 29.6045
81.4265 29.3303
81.3438 29.0651
81.2419 28.8087
81.1208 28.5612
80.9805 28.3227
80.8211 28.0931
80.6426 27.8723
80.4449 27.6605
80.228 27.4576
79.9919 27.2637
79.7367 27.0786
79.4623 26.9024
79.1688 26.7352
78.8561 26.5769
78.5243 26.4275
78.1732 26.287
77.8031 26.1554
77.4274 26.0247
77.0599 25.8868
76.7007 25.7418
76.3496 25.5896
76.0067 25.4304
75.672 25.2639
75.3455 25.0903
75.0272 24.9096
74.7171 24.7217
74.4152 24.5267
74.1215 24.3245
73.8359 24.1152
73.5586 23.8987
73.2895 23.6751
73.0285 23.4443
72.7758 23.2064
72.5312 22.9613
72.2949 22.7091
72.0667 22.4498
71.8467 22.1833
71.6349 21.9097
71.4313 21.6288
71.236 21.3409
71.0488 21.0458
70.8698 20.7436
70.699 20.4342
70.5363 20.1177
70.3819 19.794
70.2357 19.4632
70.0977 19.1253
69.9678 18.7801
69.8458 18.4281
69.7229 18.075
69.5955 17.723
69.4638 17.3723
69.3276 17.0227
69.187 16.6743
69.042 16.3271
68.8925 15.9811
68.7386 15.6363
68.5803 15.2927
68.4176 14.9503
68.2505 14.609
68.0789 14.269
67.9029 13.9302
67.7225 13.5925
67.5376 13.256
67.3484 12.9208
67.1547 12.5867
66.9566 12.2538
66.7541 11.9221
66.5471 11.5916
66.3357 11.2623
66.1199 10.9342
65.8997 10.6073
65.675 10.2816
65.4459 9.95701
65.2125 9.63367
64.9745 9.31152
64.7322 8.99057
64.4854 8.6708
64.2342 8.35221
63.9786 8.03483
63.7189 7.71907
63.4567 7.40748
63.1924 7.10048
62.9259 6.79807
62.6574 6.50027
62.3866 6.20708
62.1138 5.91848
61.8388 5.63448
61.5617 5.35505
61.2824 5.08025
61.001 4.81004
60.7175 4.54444
60.4319 4.28343
60.1441 4.027
59.8541 3.77518
59.5621 3.52797
59.2679 3.28535
58.9715 3.04733
58.6731 2.8139
58.3725 2.58507
58.0697 2.36085
57.7648 2.14122
57.4578 1.9262
57.1487 1.71575
56.8374 1.50992
56.524 1.30869
56.2084 1.11205
55.8908 0.920017
55.5709 0.732564
55.249 0.549724
54.9249 0.371482
54.5986 0.197838
54.2714 0.0256696
53.9458 -0.15267
53.622 -0.337502
53.3 -0.528839
52.9799 -0.726681
52.6615 -0.931027
52.3449 -1.1419
52.0301 -1.35925
51.7171 -1.58311
51.406 -1.81348
51.0966 -2.05035
50.789 -2.29375
50.4832 -2.54363
50.1792 -2.80002
49.877 -3.06291
49.5767 -3.33231
49.2781 -3.60823
48.9813 -3.89064
48.6863 -4.17955
48.3931 -4.47497
48.1017 -4.7769
47.8121 -5.08535
47.5243 -5.40028
47.2384 -5.72172
46.9542 -6.04966
46.6718 -6.38411
46.3912 -6.72509
46.1124 -7.07255
45.8354 -7.42651
45.5602 -7.78698
45.2868 -8.15396
45.0152 -8.52746
44.7431 -8.89991
44.4682 -9.26381
44.1905 -9.61914
43.91 -9.96591
43.6266 -10.3041
43.3405 -10.6338
43.0515 -10.9549
42.7598 -11.2674
42.4652 -11.5714
42.1678 -11.8668
41.8676 -12.1537
41.5646 -12.432
41.2588 -12.7017
40.9502 -12.9629
40.6387 -13.2155
40.3245 -13.4596
40.0074 -13.695
39.6876 -13.922
39.3649 -14.1404
39.0394 -14.3502
38.7111 -14.5514
38.38 -14.7441
38.0461 -14.9283
37.7094 -15.1038
37.3698 -15.2709
37.0275 -15.4293
36.6823 -15.5792
36.3344 -15.7205
35.9836 -15.8533
35.63 -15.9775
35.2736 -16.0932
34.9145 -16.2003
34.554 -16.2997
34.1927 -16.3918
33.8306 -16.4765
33.4677 -16.5539
33.104 -16.6239
32.7396 -16.6865
32.3743 -16.7418
32.0083 -16.7898
31.6414 -16.8303
31.2738 -16.8636
30.9054 -16.8894
30.5361 -16.9079
30.1661 -16.9191
29.7953 -16.9228
29.4237 -16.9193
29.0513 -16.9083
28.6781 -16.89
28.3041 -16.8644
27.9293 -16.8314
27.5538 -16.791
27.1774 -16.7433
26.8002 -16.6882
26.4223 -16.6258
26.0435 -16.556
25.664 -16.4789
25.2837 -16.3943
24.9025 -16.3025
24.5206 -16.2032
24.1379 -16.0967
23.7544 -15.9827
23.3701 -15.8614
22.9852 -15.7338
22.6008 -15.6062
22.2171 -15.4795
21.834 -15.3538
21.4517 -15.2292
21.07 -15.1055
20.689 -14.9829
20.3088 -14.8612
19.9292 -14.7405
19.5502 -14.6209
19.172 -14.5022
18.7944 -14.3845
18.4176 -14.2678
18.0414 -14.1522
17.6659 -14.0375
17.2911 -13.9238
16.917 -13.8111
16.5436 -13.6995
16.1708 -13.5888
15.7988 -13.4791
15.4274 -13.3704
15.0567 -13.2627
14.6867 -13.1561
14.3174 -13.0504
13.9487 -12.9457
13.5808 -12.842
13.2135 -12.7393
12.8469 -12.6376
12.481 -12.5369
12.1158 -12.4372
11.7513 -12.3385
11.3875 -12.2408
11.0239 -12.1438
10.6598 -12.0464
10.2949 -11.9488
9.92935 -11.8508
9.56308 -11.7524
9.19615 -11.6538
8.82854 -11.5549
8.46023 -11.4556
8.09123 -11.356
7.72152 -11.256
7.35114 -11.1558
6.98008 -11.0552
6.60833 -10.9543
6.23589 -10.8531
5.86274 -10.7516
5.48892 -10.6497
5.11441 -10.5476
4.73922 -10.4451
4.36334 -10.3423
3.98674 -10.2391
3.60948 -10.1357
3.23153 -10.0319
