15.0 -1.5
17.918 -2.08
20.392 -3.733
22.045 -6.207
22.625 -9.125
22.045 -12.043
20.392 -14.517
17.918 -16.17
15.0 -16.75
12.082 -16.17
9.608 -14.517
7.955 -12.043
7.375 -9.125
7.955 -6.207
9.608 -3.733
12.082 -2.08
15.0 1.5
17.918 2.08
20.392 3.733
22.045 6.207
22.625 9.125
22.045 12.043
20.392 14.517
17.918 16.17
15.0 16.75
12.082 16.17
9.608 14.517
7.955 12.043
7.375 9.125
7.955 6.207
9.608 3.733
12.082 2.08
22.512999999999998 -1.612
24.816000000000003 -5.059
25.625 -9.125
24.816000000000003 -13.191
22.512999999999998 -16.638
19.066 -18.941
15.0 -19.75
10.934000000000001 -18.941
7.487 -16.638
5.183999999999999 -13.191
4.375 -9.125
5.183999999999999 -5.059
7.487 -1.612
22.512999999999998 1.612
24.816000000000003 5.059
25.625 9.125
24.816000000000003 13.191
22.512999999999998 16.638
19.066 18.941
15.0 19.75
10.934000000000001 18.941
7.487 16.638
5.183999999999999 13.191
4.375 9.125
5.183999999999999 5.059
7.487 1.612
