0.0 -0.0
3.0 -0.0
6.0 -0.0
9.0 -0.0
12.0 -0.0
15.0 -0.0
16.78 -0.175
18.492 -0.695
20.07 -1.538
21.451999999999998 -2.673
22.587 -4.055
23.43 -5.633
23.95 -7.345
24.125 -9.125
23.95 -10.905
23.43 -12.617
22.587 -14.195
21.451999999999998 -15.577
20.07 -16.712
18.492 -17.555
16.78 -18.075
15.0 -18.25
13.22 -18.075
11.508 -17.555
9.93 -16.712
8.548 -15.577
7.413 -14.195
6.57 -12.617
6.050000000000001 -10.905
5.875 -9.125
6.050000000000001 -7.345
6.57 -5.633
7.413 -4.055
8.548 -2.673
9.93 -1.538
11.508 -0.695
13.22 -0.175
15.0 -0.0
16.78 -0.175
18.492 -0.695
20.07 -1.538
21.451999999999998 -2.673
22.587 -4.055
23.43 -5.633
23.95 -7.345
24.125 -9.125
23.95 -10.905
23.43 -12.617
22.587 -14.195
21.451999999999998 -15.577
20.07 -16.712
18.492 -17.555
16.78 -18.075
15.0 -18.25
13.22 -18.075
11.508 -17.555
9.93 -16.712
8.548 -15.577
7.413 -14.195
6.57 -12.617
6.050000000000001 -10.905
5.875 -9.125
6.050000000000001 -7.345
6.57 -5.633
7.413 -4.055
8.548 -2.673
9.93 -1.538
11.508 -0.695
13.22 -0.175
15.0 -0.0
16.78 0.175
18.492 0.695
20.07 1.538
21.451999999999998 2.673
22.587 4.055
23.43 5.633
23.95 7.345
24.125 9.125
23.95 10.905
23.43 12.617
22.587 14.195
21.451999999999998 15.577
20.07 16.712
18.492 17.555
16.78 18.075
15.0 18.25
13.22 18.075
11.508 17.555
9.93 16.712
8.548 15.577
7.413 14.195
6.57 12.617
6.050000000000001 10.905
5.875 9.125
6.050000000000001 7.345
6.57 5.633
7.413 4.055
8.548 2.673
9.93 1.538
11.508 0.695
13.22 0.175
15.0 -0.0
16.78 0.175
18.492 0.695
20.07 1.538
21.451999999999998 2.673
22.587 4.055
23.43 5.633
23.95 7.345
24.125 9.125
23.95 10.905
23.43 12.617
22.587 14.195
21.451999999999998 15.577
20.07 16.712
18.492 17.555
16.78 18.075
15.0 18.25
13.22 18.075
11.508 17.555
9.93 16.712
8.548 15.577
7.413 14.195
6.57 12.617
6.050000000000001 10.905
5.875 9.125
6.050000000000001 7.345
6.57 5.633
7.413 4.055
8.548 2.673
9.93 1.538
11.508 0.695
13.22 0.175
15.0 -0.0
18.0 -0.0
21.0 -0.0
24.0 -0.0
27.0 -0.0
30.0 -0.0
