2 0.0183731
2.2 -0.00616976
2.4 -0.0299393
2.6 -0.0529357
2.8 -0.0751587
3 -0.0966085
3.2 -0.117285
3.4 -0.137188
3.6 -0.156318
3.8 -0.174675
4 -0.192258
4.2 -0.209069
4.4 -0.225105
4.6 -0.240369
4.8 -0.254859
5 -0.268577
5.2 -0.28152
5.4 -0.293691
5.6 -0.305088
5.8 -0.315712
6 -0.325563
6.2 -0.334641
6.4 -0.342945
6.6 -0.350476
6.8 -0.357233
7 -0.363218
7.2 -0.368429
7.4 -0.372867
7.6 -0.376532
7.8 -0.379423
8 -0.381541
8.2 -0.382886
8.4 -0.383457
8.6 -0.383256
8.8 -0.382281
9 -0.380533
9.2 -0.378011
9.4 -0.374716
9.6 -0.370648
9.8 -0.365807
10 -0.360192
10.2 -0.353804
10.4 -0.346643
10.6 -0.338709
10.8 -0.330001
11 -0.32052
11.2 -0.310266
11.4 -0.299239
11.6 -0.287438
11.8 -0.274864
12 -0.261517
12.2 -0.247396
12.4 -0.232503
12.6 -0.216836
12.8 -0.200395
13 -0.183182
13.2 -0.165195
13.4 -0.146435
13.6 -0.126901
13.8 -0.106595
14 -0.0855147
14.2 -0.0636616
14.4 -0.0410351
14.6 -0.0176353
14.8 0.00653765
15 0.0314839
15.2 0.0572034
15.4 0.0836961
15.6 0.110962
15.8 0.139002
16 0.167814
16.2 0.1974
16.4 0.227759
16.6 0.258892
16.8 0.290797
17 0.323476
17.2 0.356928
17.4 0.391154
17.6 0.426153
17.8 0.461925
18 0.49847
