-3.32 1.65 0
1.68 1.65 0
5.43 1.65 0
8.91952321052373 1.65 0
6.72519803719088 5.00158601626616 0
5.905 9.125 0
6.72519803719088 13.2484139837338 0
9.06092443271495 16.744075567285 0
12.5565860162662 19.0798019628091 0
16.68 19.9 0
20.8034139837338 19.0798019628091 0
24.299075567285 16.7440755672851 0
26.6348019628091 13.2484139837338 0
27.455 9.125 0
26.6348019628091 5.00158601626616 0
24.4404767894763 1.65 0
27.68 1.65 0
32.68 1.65 0
37.68 1.65 0
-3.32 -1.65 0
1.68 -1.65 0
5.43 -1.65 0
8.91952321052373 -1.65 0
6.72519803719089 -5.00158601626616 0
5.905 -9.125 0
6.72519803719089 -13.2484139837338 0
9.06092443271495 -16.7440755672851 0
12.5565860162662 -19.0798019628091 0
16.68 -19.9 0
20.8034139837338 -19.0798019628091 0
24.2990755672851 -16.744075567285 0
26.6348019628091 -13.2484139837338 0
27.455 -9.125 0
26.6348019628091 -5.00158601626616 0
24.4404767894763 -1.65 0
27.68 -1.65 0
32.68 -1.65 0
37.68 -1.65 0
16.68 3 0
16.68 -3 0
26.88 3 0
26.88 -3 0
37.68 0 0
15.38 2 0
15.38 -2 0
17.98 2 0
17.98 -2 0
16.68 -1.65 0
19.540558656929 -2.21900049447813 0
21.9656231893694 -3.83937681063056 0
23.5859995055219 -6.26444134307095 0
24.155 -9.125 0
23.5859995055219 -11.985558656929 0
21.9656231893694 -14.4106231893694 0
19.540558656929 -16.0309995055219 0
16.68 -16.6 0
13.819441343071 -16.0309995055219 0
11.3943768106306 -14.4106231893694 0
9.77400049447813 -11.9855586569291 0
9.205 -9.125 0
9.77400049447813 -6.26444134307095 0
11.3943768106306 -3.83937681063056 0
13.8194413430709 -2.21900049447813 0
16.68 1.65 0
13.819441343071 2.21900049447813 0
11.3943768106306 3.83937681063056 0
9.77400049447813 6.26444134307095 0
9.205 9.125 0
9.77400049447813 11.985558656929 0
11.3943768106306 14.4106231893694 0
13.819441343071 16.0309995055219 0
16.68 16.6 0
19.540558656929 16.0309995055219 0
21.9656231893694 14.4106231893694 0
23.5859995055219 11.9855586569291 0
24.155 9.125 0
23.5859995055219 6.26444134307095 0
21.9656231893694 3.83937681063056 0
19.5405586569291 2.21900049447813 0
