0.000 0 2
0.500 0 2
1.000 0 2
1.500 0 2
2.000 0 2
2.500 0 2
3.000 0 2
3.500 0 2
4.000 0 2
4.500 0 2
5.000 0 2
5.500 0 2
6.000 0 2
6.500 0 2
7.000 0 2
7.500 0 2
8.000 0 2
8.500 0 2
9.000 0 2
9.500 0 2
10.000 0 2
10.500 0 2
11.000 0 2
11.500 0 2
12.000 0 2
12.500 0 2
13.000 0 2
13.500 0 2
14.000 0 2
14.500 0 2
12.500 -0.000 2
13.073 -0.018 2
13.644 -0.072 2
14.210 -0.162 2
14.769 -0.287 2
15.320 -0.447 2
15.859 -0.641 2
16.385 -0.868 2
16.896 -1.129 2
17.389 -1.421 2
17.864 -1.743 2
18.316 -2.094 2
18.746 -2.473 2
19.152 -2.879 2
19.531 -3.309 2
19.882 -3.761 2
20.204 -4.236 2
20.496 -4.729 2
20.757 -5.240 2
20.984 -5.766 2
21.178 -6.305 2
21.338 -6.856 2
21.463 -7.415 2
21.553 -7.981 2
21.607 -8.552 2
21.625 -9.125 2
21.607 -9.698 2
21.553 -10.269 2
21.463 -10.835 2
21.338 -11.394 2
21.178 -11.945 2
20.984 -12.484 2
20.757 -13.010 2
20.496 -13.521 2
20.204 -14.014 2
19.882 -14.489 2
19.531 -14.941 2
19.152 -15.371 2
18.746 -15.777 2
18.316 -16.156 2
17.864 -16.507 2
17.389 -16.829 2
16.896 -17.121 2
16.385 -17.382 2
15.859 -17.609 2
15.320 -17.803 2
14.769 -17.963 2
14.210 -18.088 2
13.644 -18.178 2
13.073 -18.232 2
12.500 -18.250 2
11.927 -18.232 2
11.356 -18.178 2
10.790 -18.088 2
10.231 -17.963 2
9.680 -17.803 2
9.141 -17.609 2
8.615 -17.382 2
8.104 -17.121 2
7.611 -16.829 2
7.136 -16.507 2
6.684 -16.156 2
6.254 -15.777 2
5.848 -15.371 2
5.469 -14.941 2
5.118 -14.489 2
4.796 -14.014 2
4.504 -13.521 2
4.243 -13.010 2
4.016 -12.484 2
3.822 -11.945 2
3.662 -11.394 2
3.537 -10.835 2
3.447 -10.269 2
3.393 -9.698 2
3.375 -9.125 2
3.393 -8.552 2
3.447 -7.981 2
3.537 -7.415 2
3.662 -6.856 2
3.822 -6.305 2
4.016 -5.766 2
4.243 -5.240 2
4.504 -4.729 2
4.796 -4.236 2
5.118 -3.761 2
5.469 -3.309 2
5.848 -2.879 2
6.254 -2.473 2
6.684 -2.094 2
7.136 -1.743 2
7.611 -1.421 2
8.104 -1.129 2
8.615 -0.868 2
9.141 -0.641 2
9.680 -0.447 2
10.231 -0.287 2
10.790 -0.162 2
11.356 -0.072 2
11.927 -0.018 2
12.500 -0.000 2
13.073 -0.018 2
13.644 -0.072 2
14.210 -0.162 2
14.769 -0.287 2
15.320 -0.447 2
15.859 -0.641 2
16.385 -0.868 2
16.896 -1.129 2
17.389 -1.421 2
17.864 -1.743 2
18.316 -2.094 2
18.746 -2.473 2
19.152 -2.879 2
19.531 -3.309 2
19.882 -3.761 2
20.204 -4.236 2
20.496 -4.729 2
20.757 -5.240 2
20.984 -5.766 2
21.178 -6.305 2
21.338 -6.856 2
21.463 -7.415 2
21.553 -7.981 2
21.607 -8.552 2
21.625 -9.125 2
21.607 -9.698 2
21.553 -10.269 2
21.463 -10.835 2
21.338 -11.394 2
21.178 -11.945 2
20.984 -12.484 2
20.757 -13.010 2
20.496 -13.521 2
20.204 -14.014 2
19.882 -14.489 2
19.531 -14.941 2
19.152 -15.371 2
18.746 -15.777 2
18.316 -16.156 2
17.864 -16.507 2
17.389 -16.829 2
16.896 -17.121 2
16.385 -17.382 2
15.859 -17.609 2
15.320 -17.803 2
14.769 -17.963 2
14.210 -18.088 2
13.644 -18.178 2
13.073 -18.232 2
12.500 -18.250 2
11.927 -18.232 2
11.356 -18.178 2
10.790 -18.088 2
10.231 -17.963 2
9.680 -17.803 2
9.141 -17.609 2
8.615 -17.382 2
8.104 -17.121 2
7.611 -16.829 2
7.136 -16.507 2
6.684 -16.156 2
6.254 -15.777 2
5.848 -15.371 2
5.469 -14.941 2
5.118 -14.489 2
4.796 -14.014 2
4.504 -13.521 2
4.243 -13.010 2
4.016 -12.484 2
3.822 -11.945 2
3.662 -11.394 2
3.537 -10.835 2
3.447 -10.269 2
3.393 -9.698 2
3.375 -9.125 2
3.393 -8.552 2
3.447 -7.981 2
3.537 -7.415 2
3.662 -6.856 2
3.822 -6.305 2
4.016 -5.766 2
4.243 -5.240 2
4.504 -4.729 2
4.796 -4.236 2
5.118 -3.761 2
5.469 -3.309 2
5.848 -2.879 2
6.254 -2.473 2
6.684 -2.094 2
7.136 -1.743 2
7.611 -1.421 2
8.104 -1.129 2
8.615 -0.868 2
9.141 -0.641 2
9.680 -0.447 2
10.231 -0.287 2
10.790 -0.162 2
11.356 -0.072 2
11.927 -0.018 2
12.500 0.000 2
13.073 0.018 2
13.644 0.072 2
14.210 0.162 2
14.769 0.287 2
15.320 0.447 2
15.859 0.641 2
16.385 0.868 2
16.896 1.129 2
17.389 1.421 2
17.864 1.743 2
18.316 2.094 2
18.746 2.473 2
19.152 2.879 2
19.531 3.309 2
19.882 3.761 2
20.204 4.236 2
20.496 4.729 2
20.757 5.240 2
20.984 5.766 2
21.178 6.305 2
21.338 6.856 2
21.463 7.415 2
21.553 7.981 2
21.607 8.552 2
21.625 9.125 2
21.607 9.698 2
21.553 10.269 2
21.463 10.835 2
21.338 11.394 2
21.178 11.945 2
20.984 12.484 2
20.757 13.010 2
20.496 13.521 2
20.204 14.014 2
19.882 14.489 2
19.531 14.941 2
19.152 15.371 2
18.746 15.777 2
18.316 16.156 2
17.864 16.507 2
17.389 16.829 2
16.896 17.121 2
16.385 17.382 2
15.859 17.609 2
15.320 17.803 2
14.769 17.963 2
14.210 18.088 2
13.644 18.178 2
13.073 18.232 2
12.500 18.250 2
11.927 18.232 2
11.356 18.178 2
10.790 18.088 2
10.231 17.963 2
9.680 17.803 2
9.141 17.609 2
8.615 17.382 2
8.104 17.121 2
7.611 16.829 2
7.136 16.507 2
6.684 16.156 2
6.254 15.777 2
5.848 15.371 2
5.469 14.941 2
5.118 14.489 2
4.796 14.014 2
4.504 13.521 2
4.243 13.010 2
4.016 12.484 2
3.822 11.945 2
3.662 11.394 2
3.537 10.835 2
3.447 10.269 2
3.393 9.698 2
3.375 9.125 2
3.393 8.552 2
3.447 7.981 2
3.537 7.415 2
3.662 6.856 2
3.822 6.305 2
4.016 5.766 2
4.243 5.240 2
4.504 4.729 2
4.796 4.236 2
5.118 3.761 2
5.469 3.309 2
5.848 2.879 2
6.254 2.473 2
6.684 2.094 2
7.136 1.743 2
7.611 1.421 2
8.104 1.129 2
8.615 0.868 2
9.141 0.641 2
9.680 0.447 2
10.231 0.287 2
10.790 0.162 2
11.356 0.072 2
11.927 0.018 2
12.500 0.000 2
13.073 0.018 2
13.644 0.072 2
14.210 0.162 2
14.769 0.287 2
15.320 0.447 2
15.859 0.641 2
16.385 0.868 2
16.896 1.129 2
17.389 1.421 2
17.864 1.743 2
18.316 2.094 2
18.746 2.473 2
19.152 2.879 2
19.531 3.309 2
19.882 3.761 2
20.204 4.236 2
20.496 4.729 2
20.757 5.240 2
20.984 5.766 2
21.178 6.305 2
21.338 6.856 2
21.463 7.415 2
21.553 7.981 2
21.607 8.552 2
21.625 9.125 2
21.607 9.698 2
21.553 10.269 2
21.463 10.835 2
21.338 11.394 2
21.178 11.945 2
20.984 12.484 2
20.757 13.010 2
20.496 13.521 2
20.204 14.014 2
19.882 14.489 2
19.531 14.941 2
19.152 15.371 2
18.746 15.777 2
18.316 16.156 2
17.864 16.507 2
17.389 16.829 2
16.896 17.121 2
16.385 17.382 2
15.859 17.609 2
15.320 17.803 2
14.769 17.963 2
14.210 18.088 2
13.644 18.178 2
13.073 18.232 2
12.500 18.250 2
11.927 18.232 2
11.356 18.178 2
10.790 18.088 2
10.231 17.963 2
9.680 17.803 2
9.141 17.609 2
8.615 17.382 2
8.104 17.121 2
7.611 16.829 2
7.136 16.507 2
6.684 16.156 2
6.254 15.777 2
5.848 15.371 2
5.469 14.941 2
5.118 14.489 2
4.796 14.014 2
4.504 13.521 2
4.243 13.010 2
4.016 12.484 2
3.822 11.945 2
3.662 11.394 2
3.537 10.835 2
3.447 10.269 2
3.393 9.698 2
3.375 9.125 2
3.393 8.552 2
3.447 7.981 2
3.537 7.415 2
3.662 6.856 2
3.822 6.305 2
4.016 5.766 2
4.243 5.240 2
4.504 4.729 2
4.796 4.236 2
5.118 3.761 2
5.469 3.309 2
5.848 2.879 2
6.254 2.473 2
6.684 2.094 2
7.136 1.743 2
7.611 1.421 2
8.104 1.129 2
8.615 0.868 2
9.141 0.641 2
9.680 0.447 2
10.231 0.287 2
10.790 0.162 2
11.356 0.072 2
11.927 0.018 2
15.000 0 2
15.500 0 2
16.000 0 2
16.500 0 2
17.000 0 2
17.500 0 2
18.000 0 2
18.500 0 2
19.000 0 2
19.500 0 2
20.000 0 2
20.500 0 2
21.000 0 2
21.500 0 2
22.000 0 2
22.500 0 2
23.000 0 2
23.500 0 2
24.000 0 2
24.500 0 2
25.000 0 0
25.500 0 0
26.000 0 0
26.500 0 0
27.000 0 0
27.500 0 0
28.000 0 0
28.500 0 0
29.000 0 0
29.500 0 0
30.000 0 0
30.500 0 0
31.000 0 0
31.500 0 0
32.000 0 0
32.500 0 0
33.000 0 0
33.500 0 0
34.000 0 0
34.500 0 0
35.000 0 0
35.500 0 0
36.000 0 0
36.500 0 0
37.000 0 0
37.500 0 0
38.000 0 0
38.500 0 0
39.000 0 0
39.500 0 0
40.000 0 0
40.500 0 0
41.000 0 0
41.500 0 0
42.000 0 0
42.500 0 0
43.000 0 0
43.500 0 0
44.000 0 0
44.500 0 0
