0.000 1.500 0
0.000 -1.500 0
0.500 1.500 0
0.500 -1.500 0
1.000 1.500 0
1.000 -1.500 0
1.500 1.500 0
1.500 -1.500 0
2.000 1.500 0
2.000 -1.500 0
2.500 1.500 0
2.500 -1.500 0
3.000 1.500 0
3.000 -1.500 0
3.500 1.500 0
3.500 -1.500 0
4.000 1.500 0
4.000 -1.500 0
4.500 1.500 0
4.500 -1.500 0
5.000 1.500 0
5.000 -1.500 0
5.500 1.500 0
5.500 -1.500 0
6.000 1.500 0
6.000 -1.500 0
6.500 1.500 0
6.500 -1.500 0
7.000 1.500 0
7.000 -1.500 0
7.500 1.500 0
7.500 -1.500 0
22.500 1.500 0
22.500 -1.500 0
23.000 1.500 0
23.000 -1.500 0
23.500 1.500 0
23.500 -1.500 0
24.000 1.500 0
24.000 -1.500 0
24.500 1.500 0
24.500 -1.500 0
25.000 1.500 0
25.000 -1.500 0
25.500 1.500 0
25.500 -1.500 0
26.000 1.500 0
26.000 -1.500 0
26.500 1.500 0
26.500 -1.500 0
27.000 1.500 0
27.000 -1.500 0
27.500 1.500 0
27.500 -1.500 0
28.000 1.500 0
28.000 -1.500 0
28.500 1.500 0
28.500 -1.500 0
29.000 1.500 0
29.000 -1.500 0
29.500 1.500 0
29.500 -1.500 0
15.000 -1.500 0
15.479 -1.515 0
15.956 -1.560 0
16.429 -1.635 0
16.896 -1.740 0
17.356 -1.873 0
17.807 -2.035 0
18.247 -2.226 0
18.673 -2.443 0
19.086 -2.687 0
19.482 -2.956 0
19.860 -3.250 0
20.220 -3.567 0
20.558 -3.905 0
20.875 -4.265 0
21.169 -4.643 0
21.438 -5.039 0
21.682 -5.452 0
21.899 -5.878 0
22.090 -6.318 0
22.252 -6.769 0
22.385 -7.229 0
22.490 -7.696 0
22.565 -8.169 0
22.610 -8.646 0
22.625 -9.125 0
22.610 -9.604 0
22.565 -10.081 0
22.490 -10.554 0
22.385 -11.021 0
22.252 -11.481 0
22.090 -11.932 0
21.899 -12.372 0
21.682 -12.798 0
21.438 -13.211 0
21.169 -13.607 0
20.875 -13.985 0
20.558 -14.345 0
20.220 -14.683 0
19.860 -15.000 0
19.482 -15.294 0
19.086 -15.563 0
18.673 -15.807 0
18.247 -16.024 0
17.807 -16.215 0
17.356 -16.377 0
16.896 -16.510 0
16.429 -16.615 0
15.956 -16.690 0
15.479 -16.735 0
15.000 -16.750 0
14.521 -16.735 0
14.044 -16.690 0
13.571 -16.615 0
13.104 -16.510 0
12.644 -16.377 0
12.193 -16.215 0
11.753 -16.024 0
11.327 -15.807 0
10.914 -15.563 0
10.518 -15.294 0
10.140 -15.000 0
9.780 -14.683 0
9.442 -14.345 0
9.125 -13.985 0
8.831 -13.607 0
8.562 -13.211 0
8.318 -12.798 0
8.101 -12.372 0
7.910 -11.932 0
7.748 -11.481 0
7.615 -11.021 0
7.510 -10.554 0
7.435 -10.081 0
7.390 -9.604 0
7.375 -9.125 0
7.390 -8.646 0
7.435 -8.169 0
7.510 -7.696 0
7.615 -7.229 0
7.748 -6.769 0
7.910 -6.318 0
8.101 -5.878 0
8.318 -5.452 0
8.562 -5.039 0
8.831 -4.643 0
9.125 -4.265 0
9.442 -3.905 0
9.780 -3.567 0
10.140 -3.250 0
10.518 -2.956 0
10.914 -2.687 0
11.327 -2.443 0
11.753 -2.226 0
12.193 -2.035 0
12.644 -1.873 0
13.104 -1.740 0
13.571 -1.635 0
14.044 -1.560 0
14.521 -1.515 0
22.745 -1.852 0
23.187 -2.352 0
23.596 -2.880 0
23.971 -3.432 0
24.311 -4.006 0
24.614 -4.601 0
24.879 -5.214 0
25.105 -5.842 0
25.291 -6.483 0
25.437 -7.134 0
25.541 -7.793 0
25.604 -8.458 0
25.625 -9.125 0
25.604 -9.792 0
25.541 -10.457 0
25.437 -11.116 0
25.291 -11.767 0
25.105 -12.408 0
24.879 -13.036 0
24.614 -13.649 0
24.311 -14.244 0
23.971 -14.818 0
23.596 -15.370 0
23.187 -15.898 0
22.745 -16.398 0
22.273 -16.870 0
21.773 -17.312 0
21.245 -17.721 0
20.693 -18.096 0
20.119 -18.436 0
19.524 -18.739 0
18.911 -19.004 0
18.283 -19.230 0
17.642 -19.416 0
16.991 -19.562 0
16.332 -19.666 0
15.667 -19.729 0
15.000 -19.750 0
14.333 -19.729 0
13.668 -19.666 0
13.009 -19.562 0
12.358 -19.416 0
11.717 -19.230 0
11.089 -19.004 0
10.476 -18.739 0
9.881 -18.436 0
9.307 -18.096 0
8.755 -17.721 0
8.227 -17.312 0
7.727 -16.870 0
7.255 -16.398 0
6.813 -15.898 0
6.404 -15.370 0
6.029 -14.818 0
5.689 -14.244 0
5.386 -13.649 0
5.121 -13.036 0
4.895 -12.408 0
4.709 -11.767 0
4.563 -11.116 0
4.459 -10.457 0
4.396 -9.792 0
4.375 -9.125 0
4.396 -8.458 0
4.459 -7.793 0
4.563 -7.134 0
4.709 -6.483 0
4.895 -5.842 0
5.121 -5.214 0
5.386 -4.601 0
5.689 -4.006 0
6.029 -3.432 0
6.404 -2.880 0
6.813 -2.352 0
7.255 -1.852 0
15.000 1.500 0
15.479 1.515 0
15.956 1.560 0
16.429 1.635 0
16.896 1.740 0
17.356 1.873 0
17.807 2.035 0
18.247 2.226 0
18.673 2.443 0
19.086 2.687 0
19.482 2.956 0
19.860 3.250 0
20.220 3.567 0
20.558 3.905 0
20.875 4.265 0
21.169 4.643 0
21.438 5.039 0
21.682 5.452 0
21.899 5.878 0
22.090 6.318 0
22.252 6.769 0
22.385 7.229 0
22.490 7.696 0
22.565 8.169 0
22.610 8.646 0
22.625 9.125 0
22.610 9.604 0
22.565 10.081 0
22.490 10.554 0
22.385 11.021 0
22.252 11.481 0
22.090 11.932 0
21.899 12.372 0
21.682 12.798 0
21.438 13.211 0
21.169 13.607 0
20.875 13.985 0
20.558 14.345 0
20.220 14.683 0
19.860 15.000 0
19.482 15.294 0
19.086 15.563 0
18.673 15.807 0
18.247 16.024 0
17.807 16.215 0
17.356 16.377 0
16.896 16.510 0
16.429 16.615 0
15.956 16.690 0
15.479 16.735 0
15.000 16.750 0
14.521 16.735 0
14.044 16.690 0
13.571 16.615 0
13.104 16.510 0
12.644 16.377 0
12.193 16.215 0
11.753 16.024 0
11.327 15.807 0
10.914 15.563 0
10.518 15.294 0
10.140 15.000 0
9.780 14.683 0
9.442 14.345 0
9.125 13.985 0
8.831 13.607 0
8.562 13.211 0
8.318 12.798 0
8.101 12.372 0
7.910 11.932 0
7.748 11.481 0
7.615 11.021 0
7.510 10.554 0
7.435 10.081 0
7.390 9.604 0
7.375 9.125 0
7.390 8.646 0
7.435 8.169 0
7.510 7.696 0
7.615 7.229 0
7.748 6.769 0
7.910 6.318 0
8.101 5.878 0
8.318 5.452 0
8.562 5.039 0
8.831 4.643 0
9.125 4.265 0
9.442 3.905 0
9.780 3.567 0
10.140 3.250 0
10.518 2.956 0
10.914 2.687 0
11.327 2.443 0
11.753 2.226 0
12.193 2.035 0
12.644 1.873 0
13.104 1.740 0
13.571 1.635 0
14.044 1.560 0
14.521 1.515 0
22.745 1.852 0
23.187 2.352 0
23.596 2.880 0
23.971 3.432 0
24.311 4.006 0
24.614 4.601 0
24.879 5.214 0
25.105 5.842 0
25.291 6.483 0
25.437 7.134 0
25.541 7.793 0
25.604 8.458 0
25.625 9.125 0
25.604 9.792 0
25.541 10.457 0
25.437 11.116 0
25.291 11.767 0
25.105 12.408 0
24.879 13.036 0
24.614 13.649 0
24.311 14.244 0
23.971 14.818 0
23.596 15.370 0
23.187 15.898 0
22.745 16.398 0
22.273 16.870 0
21.773 17.312 0
21.245 17.721 0
20.693 18.096 0
20.119 18.436 0
19.524 18.739 0
18.911 19.004 0
18.283 19.230 0
17.642 19.416 0
16.991 19.562 0
16.332 19.666 0
15.667 19.729 0
15.000 19.750 0
14.333 19.729 0
13.668 19.666 0
13.009 19.562 0
12.358 19.416 0
11.717 19.230 0
11.089 19.004 0
10.476 18.739 0
9.881 18.436 0
9.307 18.096 0
8.755 17.721 0
8.227 17.312 0
7.727 16.870 0
7.255 16.398 0
6.813 15.898 0
6.404 15.370 0
6.029 14.818 0
5.689 14.244 0
5.386 13.649 0
5.121 13.036 0
4.895 12.408 0
4.709 11.767 0
4.563 11.116 0
4.459 10.457 0
4.396 9.792 0
4.375 9.125 0
4.396 8.458 0
4.459 7.793 0
4.563 7.134 0
4.709 6.483 0
4.895 5.842 0
5.121 5.214 0
5.386 4.601 0
5.689 4.006 0
6.029 3.432 0
6.404 2.880 0
6.813 2.352 0
7.255 1.852 0
